0.0000000000
0.9999738559
0.2757889726
0.1967160870
0.1666061775
0.1271692188
0.0968021022
0.0717832811
0.0524748382
0.0472782185
0.0417265307
0.0359376062
0.0258301218
0.0170775729
0.0142307140
0.0113396774
0.0086841761
0.0085038314
0.0084187931
0.0083346052
0.0082512591
0.0081687466
0.0080870591
0.0080061885
0.0079261266
0.0078468654
0.0077683967
0.0076907127
0.0076138056
0.0075376675
0.0074622909
0.0073876680
0.0073137913
0.0072406534
0.0071682468
0.0070965644
0.0070255987
0.0069553427
0.0068857893
0.0068169314
0.0067487621
0.0066812745
0.0066144617
0.0065483171
0.0064828339
0.0064180056
0.0063538256
0.0062902873
0.0062273844
0.0061651106
0.0061034595
0.0060424249
0.0059820006
0.0059221806
0.0058629588
0.0058043292
0.0057192562
0.0056586247
0.0055676396
0.0055027375
0.0054363005
0.0053575292
0.0053039539
0.0052509143
0.0051984052
0.0051464211
0.0050949569
0.0050440074
0.0049935673
0.0049436316
0.0048941953
0.0048452534
0.0047968008
0.0047488328
0.0047013445
0.0046543310
0.0046077877
0.0045617098
0.0045160927
0.0044709318
0.0044262225
0.0043819603
0.0043381407
0.0042947593
0.0042518117
0.0042092936
0.0041672006
0.0041255286
0.0040842733
0.0039980051
0.0039571517
0.0039112831
0.0038548770
0.0037767447
0.0037353584
0.0036840500
0.0036472095
0.0036107374
0.0035746300
0.0035388837
0.0035034949
0.0034684599
0.0034337753
0.0033994376
0.0033654432
0.0033317888
0.0032984709
0.0032654862
0.0032328313
0.0032005030
0.0031684980
0.0031368130
0.0031054449
0.0030743904
0.0030436465
0.0030132100
0.0029830779
0.0029532472
0.0029237147
0.0028944775
0.0028655328
0.0028368774
0.0028085087
0.0027804236
0.0027526193
0.0027250931
0.0026978422
0.0026708638
0.0026441552
0.0026177136
0.0025915365
0.0025656211
0.0025399649
0.0025145652
0.0024894196
0.0024645254
0.0024398801
0.0024154813
0.0023913265
0.0023674133
0.0023437391
0.0023203017
0.0022970987
0.0022741277
0.0022513865
0.0022288726
0.0022065839
0.0021845180
0.0021626728
0.0021410461
0.0021196357
0.0020984393
0.0020774549
0.0020566804
0.0020361136
0.0020157524
0.0019955949
0.0019756389
0.0019558826
0.0019363237
0.0019169605
0.0018977909
0.0018788130
0.0018600248
0.0018414246
0.0018230104
0.0018047802
0.0017867324
0.0017688651
0.0017511765
0.0017336647
0.0017163281
0.0016991648
0.0016821731
0.0016653514
0.0016415968
0.0016249790
0.0016074365
0.0015873721
0.0015663453
0.0015505367
0.0015344910
0.0015178011
0.0014997210
0.0014788840
0.0014621287
0.0014471886
0.0014319165
0.0014159261
0.0013985574
0.0013787125
0.0013628923
0.0013488868
0.0013348491
0.0013215006
0.0013082856
0.0012952028
0.0012822508
0.0012694282
0.0012567340
0.0012441666
0.0012317250
0.0012194077
0.0012072136
0.0011951415
0.0011831901
0.0011713582
0.0011596446
0.0011480482
0.0011365677
0.0011252020
0.0011139500
0.0011028105
0.0010917824
0.0010808645
0.0010700559
0.0010593553
0.0010487618
0.0010382742
0.0010278914
0.0010176125
0.0010074364
0.0009973620
0.0009873884
0.0009775145
0.0009677394
0.0009580620
0.0009484814
0.0009389965
0.0009296066
0.0009203105
0.0009111074
0.0009019963
0.0008929764
0.0008840466
0.0008752061
0.0008664541
0.0008577895
0.0008492116
0.0008407195
0.0008323123
0.0008239892
0.0008157493
0.0008075918
0.0007995159
0.0007915207
0.0007836055
0.0007757695
0.0007680118
0.0007603317
0.0007527284
0.0007452011
0.0007377491
0.0007303716
0.0007230679
0.0007158372
0.0007086788
0.0007015920
0.0006945761
0.0006876303
0.0006807540
0.0006739465
0.0006672070
0.0006605350
0.0006539296
0.0006473903
0.0006409164
0.0006345072
0.0006281622
0.0006218805
0.0006156617
0.0006095051
0.0006034101
0.0005973760
0.0005914022
0.0005854882
0.0005796333
0.0005738370
0.0005680986
0.0005624176
0.0005567934
0.0005512255
0.0005457133
0.0005402561
0.0005348536
0.0005295050
0.0005242100
0.0005189679
0.0005137782
0.0005082792
0.0005024081
0.0004972961
0.0004919317
0.0004857801
0.0004777147
0.0004659786
0.0004485248
0.0004236887
0.0003908866
0.0003510119
0.0003063191
0.0002598387
0.0002146151
0.0001730774
0.0001367368
0.0001061868
0.0000813213
0.0000615895
0.0000462410
0.0000344846
0.0000255831
0.0000189052
0.0000139273
0.0000102363
0.0000075106
0.0000055040
0.0000040286
0.0000029473
0.0000021539
0.0000015739
0.0000011499
0.0000008401
0.0000007168
