0.0000000000
0.9999738559
0.2757889726
0.1967160870
0.1666061775
0.1271692188
0.0968021022
0.0717832811
0.0530128763
0.0482490086
0.0417265307
0.0359376062
0.0258301218
0.0207883296
0.0172883755
0.0136747073
0.0102784126
0.0085038314
0.0084187931
0.0083346052
0.0082512591
0.0081687466
0.0080870591
0.0080061885
0.0079261266
0.0078468654
0.0077683967
0.0076907127
0.0076138056
0.0075376675
0.0074622909
0.0073876680
0.0073137913
0.0072406534
0.0071682468
0.0070965644
0.0070255987
0.0069553427
0.0068857893
0.0068169314
0.0067487621
0.0066812745
0.0066144617
0.0065483171
0.0064828339
0.0064180056
0.0063538256
0.0062902873
0.0062273844
0.0061651106
0.0061034595
0.0060424249
0.0059820006
0.0059221806
0.0058629588
0.0058043292
0.0057192562
0.0056586247
0.0055676396
0.0055027375
0.0054363005
0.0053575292
0.0053039539
0.0052509143
0.0051984052
0.0051464211
0.0050949569
0.0050440074
0.0049935673
0.0049436316
0.0048941953
0.0048452534
0.0047968008
0.0047488328
0.0047013445
0.0046543310
0.0046077877
0.0045617098
0.0045160927
0.0044709318
0.0044262225
0.0043819603
0.0043381407
0.0042947593
0.0042518117
0.0042092936
0.0041672006
0.0041255286
0.0040842733
0.0040199048
0.0039766353
0.0039193624
0.0038658599
0.0038253631
0.0037795597
0.0037102947
0.0036726559
0.0036312626
0.0035805566
0.0035388837
0.0035034949
0.0034684599
0.0034337753
0.0033994376
0.0033654432
0.0033317888
0.0032984709
0.0032654862
0.0032328313
0.0032005030
0.0031684980
0.0031368130
0.0031054449
0.0030743904
0.0030436465
0.0030132100
0.0029830779
0.0029532472
0.0029237147
0.0028944775
0.0028655328
0.0028368774
0.0028085087
0.0027804236
0.0027526193
0.0027250931
0.0026978422
0.0026708638
0.0026441552
0.0026177136
0.0025915365
0.0025656211
0.0025399649
0.0025145652
0.0024894196
0.0024645254
0.0024398801
0.0024154813
0.0023913265
0.0023674133
0.0023437391
0.0023203017
0.0022970987
0.0022741277
0.0022513865
0.0022288726
0.0022065839
0.0021845180
0.0021626728
0.0021410461
0.0021196357
0.0020984393
0.0020774549
0.0020512746
0.0020306496
0.0020081000
0.0019822043
0.0019622325
0.0019417161
0.0019192184
0.0018941095
0.0018749979
0.0018554207
0.0018343850
0.0018095660
0.0017900419
0.0017715379
0.0017519933
0.0017298608
0.0017075200
0.0016900620
0.0016718534
0.0016518059
0.0016320306
0.0016157103
0.0015995532
0.0015835576
0.0015677221
0.0015520448
0.0015365244
0.0015211592
0.0015059476
0.0014908881
0.0014759792
0.0014612194
0.0014466072
0.0014321411
0.0014178197
0.0014036415
0.0013896051
0.0013757091
0.0013619520
0.0013483325
0.0013348491
0.0013215006
0.0013082856
0.0012952028
0.0012822508
0.0012694282
0.0012567340
0.0012441666
0.0012317250
0.0012194077
0.0012072136
0.0011951415
0.0011831901
0.0011713582
0.0011596446
0.0011480482
0.0011365677
0.0011252020
0.0011139500
0.0011028105
0.0010917824
0.0010808645
0.0010700559
0.0010593553
0.0010487618
0.0010382742
0.0010278914
0.0010176125
0.0010074364
0.0009973620
0.0009873884
0.0009775145
0.0009677394
0.0009580620
0.0009484814
0.0009389965
0.0009296066
0.0009203105
0.0009111074
0.0009019963
0.0008929764
0.0008827176
0.0008738765
0.0008646002
0.0008528715
0.0008327160
0.0007938791
0.0007267840
0.0006299089
0.0005129888
0.0003926954
0.0002844913
0.0001970660
0.0001319553
0.0000862356
0.0000554212
0.0000352185
0.0000222151
0.0000139443
0.0000087256
0.0000054491
0.0000033987
0.0000021185
0.0000013197
0.0000008223
0.0000005126
