  simno it age mass belief env state
   1    1  101 46.00 0.946    0    2
   1    2   84 32.00 0.014    0    2
   1    3   79 32.00 0.021    0    2
   1    4   95 46.00 0.995    0    2
   1    5  109 46.00 0.985    0    2
   1    6   99 46.00 0.997    0    2
   1    7  105 46.00 0.993    0    2
   1    8  103 46.00 0.923    0    2
   1    9  104 46.00 0.995    0    2
   1   10   82 32.00 0.036    0    2
   1   11  110 43.00 0.479    0    2
   1   12  103 46.00 0.996    0    2
   1   13   98 46.00 0.998    0    2
   1   14   84 36.00 0.163    0    2
   1   15  113 42.00 0.415    0    2
   1   16  105 46.00 0.989    0    2
   1   17  114 46.00 0.949    0    2
   1   18  108 46.00 0.986    0    2
   1   19   85 36.00 0.168    0    2
   1   20   97 45.00 0.805    0    2
   1   21   96 46.00 0.999    0    2
   1   22  108 46.00 0.983    0    2
   1   23   85 46.00 1.000    0    2
   1   24  109 46.00 0.968    0    2
   1   25   82 33.00 0.061    0    2
   1   26  114 46.00 0.952    0    2
   1   27  105 41.00 0.337    0    2
   1   28  106 46.00 0.992    0    2
   1   29  102 46.00 0.995    0    2
   1   30   84 34.00 0.108    0    2
   1   31   99 39.00 0.227    0    2
   1   32  110 45.00 0.863    0    2
   1   33  107 46.00 0.990    0    2
   1   34   80 33.00 0.069    0    2
   1   35   99 46.00 0.996    0    2
   1   36  113 46.00 0.941    0    2
   1   37   87 33.00 0.075    0    2
   1   38   78 32.00 0.024    0    2
   1   39  102 46.00 0.994    0    2
   1   40  112 46.00 0.977    0    2
   1   41   85 35.00 0.109    0    2
   1   42   94 41.00 0.348    0    2
   1   43   94 46.00 0.999    0    2
   1   44  109 45.00 0.761    0    2
   1   45   93 46.00 0.999    0    2
   1   46  113 46.00 0.933    0    2
   1   47   87 46.00 1.000    0    2
   1   48  100 46.00 0.994    0    2
   1   49   90 46.00 1.000    0    2
   1   50  101 46.00 0.997    0    2
   1   51  104 46.00 0.994    0    2
   1   52  111 46.00 0.956    0    2
   1   53   98 46.00 0.996    0    2
   1   54  100 44.00 0.627    0    2
   1   55   82 32.00 0.002    0    2
   1   56  104 46.00 0.994    0    2
   1   57   90 46.00 1.000    0    2
   1   58  104 46.00 0.979    0    2
   1   59  106 46.00 0.986    0    2
   1   60  116 44.00 0.636    0    2
   1   61   95 45.00 0.791    0    2
   1   62  104 46.00 0.991    0    2
   1   63   93 46.00 0.998    0    2
   1   64  105 44.00 0.656    0    2
   1   65   95 46.00 0.991    0    2
   1   66   93 46.00 0.997    0    2
   1   67  105 39.00 0.247    0    2
   1   68  112 43.00 0.478    0    2
   1   69  112 44.00 0.657    0    2
   1   70   85 32.00 0.028    0    2
   1   71   85 34.00 0.109    0    2
   1   72   98 46.00 0.994    0    2
   1   73  107 46.00 0.925    0    2
   1   74   89 32.00 0.001    0    2
   1   75   83 33.00 0.078    0    2
   1   76  108 45.00 0.806    0    2
   1   77  104 46.00 0.990    0    2
   1   78   85 34.00 0.116    0    2
   1   79  103 45.00 0.811    0    2
   1   80   86 32.00 0.001    0    2
   1   81  113 44.00 0.652    0    2
   1   82  110 46.00 0.970    0    2
   1   83   98 44.00 0.620    0    2
   1   84   98 46.00 0.999    0    2
   1   85  114 45.00 0.860    0    2
   1   86  109 46.00 0.915    0    2
   1   87   97 44.00 0.629    0    2
   1   88   98 46.00 0.999    0    2
   1   89   99 45.00 0.759    0    2
   1   90  101 38.00 0.186    0    2
   1   91  105 45.00 0.801    0    2
   1   92   93 38.00 0.191    0    2
   1   93   93 46.00 0.999    0    2
   1   94  104 46.00 0.994    0    2
   1   95  112 44.00 0.632    0    2
   1   96  102 45.00 0.834    0    2
   1   97   94 46.00 0.999    0    2
   1   98  104 46.00 0.994    0    2
   1   99   84 35.00 0.121    0    2
   1  100   99 46.00 0.998    0    2
   1    1   92 32.00 0.000    1    2
   1    2   99 32.00 0.000    1    2
   1    3   93 32.00 0.000    1    2
   1    4  105 32.00 0.000    1    2
   1    5   92 32.00 0.000    1    2
   1    6   85 32.00 0.002    1    2
   1    7  100 32.00 0.000    1    2
   1    8   89 32.00 0.002    1    2
   1    9   83 32.00 0.006    1    2
   1   10   98 32.00 0.000    1    2
   1   11   89 32.00 0.000    1    2
   1   12  105 32.00 0.000    1    2
   1   13   94 32.00 0.000    1    2
   1   14   93 32.00 0.000    1    2
   1   15   95 32.00 0.000    1    2
   1   16   85 32.00 0.001    1    2
   1   17  115 32.00 0.000    1    2
   1   18   89 32.00 0.016    1    2
   1   19   89 32.00 0.000    1    2
   1   20   92 32.00 0.000    1    2
   1   21  112 32.00 0.000    1    2
   1   22  112 32.00 0.000    1    2
   1   23   99 32.00 0.000    1    2
   1   24   94 32.00 0.000    1    2
   1   25   88 32.00 0.001    1    2
   1   26   79 32.00 0.007    1    2
   1   27   96 32.00 0.000    1    2
   1   28   84 32.00 0.001    1    2
   1   29   99 32.00 0.000    1    2
   1   30   97 32.00 0.000    1    2
   1   31   86 32.00 0.001    1    2
   1   32  110 32.00 0.000    1    2
   1   33  102 32.00 0.000    1    2
   1   34   94 32.00 0.000    1    2
   1   35   87 32.00 0.039    1    2
   1   36   79 32.00 0.008    1    2
   1   37   90 32.00 0.001    1    2
   1   38   85 32.00 0.003    1    2
   1   39  113 32.00 0.000    1    2
   1   40  114 32.00 0.000    1    2
   1   41   98 32.00 0.000    1    2
   1   42   97 39.00 0.227    1    2
   1   43  102 32.00 0.000    1    2
   1   44   85 34.00 0.093    1    2
   1   45   85 32.00 0.001    1    2
   1   46   89 32.00 0.003    1    2
   1   47  104 32.00 0.000    1    2
   1   48   89 32.00 0.000    1    2
   1   49   98 32.00 0.000    1    2
   1   50   86 32.00 0.001    1    2
   1   51   88 32.00 0.000    1    2
   1   52   84 32.00 0.009    1    2
   1   53   89 32.00 0.002    1    2
   1   54   95 37.00 0.180    1    2
   1   55   99 32.00 0.000    1    2
   1   56   85 32.00 0.003    1    2
   1   57  110 32.00 0.000    1    2
   1   58  105 32.00 0.000    1    2
   1   59   76 32.00 0.034    1    2
   1   60   82 32.00 0.002    1    2
   1   61   94 32.00 0.000    1    2
   1   62   87 32.00 0.000    1    2
   1   63   88 32.00 0.000    1    2
   1   64   98 32.00 0.000    1    2
   1   65  100 32.00 0.000    1    2
   1   66  105 32.00 0.000    1    2
   1   67  113 32.00 0.000    1    2
   1   68   88 32.00 0.001    1    2
   1   69   96 32.00 0.000    1    2
   1   70   89 32.00 0.000    1    2
   1   71   96 32.00 0.000    1    2
   1   72  106 32.00 0.000    1    2
   1   73  112 32.00 0.000    1    2
   1   74   99 32.00 0.000    1    2
   1   75   87 32.00 0.018    1    2
   1   76   90 36.00 0.152    1    2
   1   77   86 32.00 0.005    1    2
   1   78   82 32.00 0.018    1    2
   1   79  112 32.00 0.000    1    2
   1   80  107 32.00 0.000    1    2
   1   81   98 32.00 0.000    1    2
   1   82   85 32.00 0.003    1    2
   1   83   87 32.00 0.002    1    2
   1   84   96 32.00 0.000    1    2
   1   85   95 32.00 0.000    1    2
   1   86   91 32.00 0.001    1    2
   1   87   92 32.00 0.000    1    2
   1   88   93 32.00 0.000    1    2
   1   89   97 32.00 0.000    1    2
   1   90   79 32.00 0.009    1    2
   1   91   90 32.00 0.004    1    2
   1   92   98 32.00 0.000    1    2
   1   93   90 32.00 0.002    1    2
   1   94   96 32.00 0.000    1    2
   1   95  113 43.00 0.505    1    2
   1   96   95 32.00 0.000    1    2
   1   97   86 32.00 0.002    1    2
   1   98   87 32.00 0.038    1    2
   1   99   98 32.00 0.000    1    2
   1  100   87 32.00 0.000    1    2
