  simno it age mass belief env state
   1    1  100 46.00 0.996    0    2
   1    2  114 45.00 0.815    0    2
   1    3  107 46.00 0.953    0    2
   1    4   87 46.00 1.000    0    2
   1    5  101 46.00 0.997    0    2
   1    6   93 46.00 0.999    0    2
   1    7   97 46.00 0.999    0    2
   1    8   91 46.00 1.000    0    2
   1    9   90 46.00 1.000    0    2
   1   10  111 46.00 0.953    0    2
   1   11  114 46.00 0.962    0    2
   1   12   96 46.00 0.998    0    2
   1   13   94 46.00 1.000    0    2
   1   14  102 46.00 0.994    0    2
   1   15  109 45.00 0.866    0    2
   1   16  111 46.00 0.975    0    2
   1   17  104 45.00 0.869    0    2
   1   18   93 46.00 1.000    0    2
   1   19  110 46.00 0.951    0    2
   1   20   92 46.00 1.000    0    2
   1   21   87 46.00 1.000    0    2
   1   22  103 46.00 0.994    0    2
   1   23   70 46.00 1.000    0    2
   1   24  104 46.00 0.991    0    2
   1   25  103 46.00 0.993    0    2
   1   26  110 46.00 0.981    0    2
   1   27  117 44.00 0.637    0    2
   1   28   82 46.00 1.000    0    2
   1   29   89 46.00 1.000    0    2
   1   30  111 46.00 0.927    0    2
   1   31  105 46.00 0.992    0    2
   1   32  110 46.00 0.964    0    2
   1   33   98 46.00 0.998    0    2
   1   34   91 46.00 0.999    0    2
   1   35   90 46.00 1.000    0    2
   1   36  102 46.00 0.997    0    2
   1   37  110 46.00 0.926    0    2
   1   38  101 46.00 0.972    0    2
   1   39   90 46.00 1.000    0    2
   1   40  106 46.00 0.969    0    2
   1   41  104 46.00 0.995    0    2
   1   42   98 46.00 0.997    0    2
   1   43  110 46.00 0.979    0    2
   1   44  101 46.00 0.980    0    2
   1   45  100 46.00 0.998    0    2
   1   46  109 46.00 0.972    0    2
   1   47   85 46.00 1.000    0    2
   1   48  105 46.00 0.995    0    2
   1   49  115 41.00 0.340    0    2
   1   50   98 46.00 0.999    0    2
   1   51   96 46.00 0.998    0    2
   1   52  111 46.00 0.950    0    2
   1   53  104 46.00 0.996    0    2
   1   54  102 46.00 0.996    0    2
   1   55   90 46.00 1.000    0    2
   1   56   76 33.00 0.068    0    2
   1   57   95 46.00 0.999    0    2
   1   58  101 46.00 0.997    0    2
   1   59   93 46.00 0.999    0    2
   1   60   98 46.00 0.997    0    2
   1   61  106 46.00 0.990    0    2
   1   62   93 46.00 1.000    0    2
   1   63  103 46.00 0.995    0    2
   1   64  100 46.00 0.990    0    2
   1   65   82 46.00 1.000    0    2
   1   66   82 46.00 1.000    0    2
   1   67  106 45.00 0.779    0    2
   1   68  102 45.00 0.842    0    2
   1   69  105 46.00 0.993    0    2
   1   70  102 46.00 0.997    0    2
   1   71  100 37.00 0.186    0    2
   1   72   82 46.00 1.000    0    2
   1   73   92 46.00 1.000    0    2
   1   74   94 44.00 0.650    0    2
   1   75  102 46.00 0.993    0    2
   1   76  115 46.00 0.921    0    2
   1   77   96 46.00 0.999    0    2
   1   78   88 46.00 0.996    0    2
   1   79   92 46.00 0.999    0    2
   1   80  101 46.00 0.997    0    2
   1   81  109 46.00 0.968    0    2
   1   82   96 46.00 0.999    0    2
   1   83  114 46.00 0.951    0    2
   1   84  103 46.00 0.996    0    2
   1   85  100 46.00 0.998    0    2
   1   86   90 46.00 1.000    0    2
   1   87  104 45.00 0.860    0    2
   1   88   96 46.00 0.999    0    2
   1   89  106 46.00 0.989    0    2
   1   90  104 46.00 0.996    0    2
   1   91   94 46.00 0.999    0    2
   1   92   91 40.00 0.299    0    2
   1   93   96 46.00 0.999    0    2
   1   94  100 46.00 0.998    0    2
   1   95  115 45.00 0.859    0    2
   1   96  101 46.00 0.987    0    2
   1   97   79 46.00 1.000    0    2
   1   98   96 46.00 0.999    0    2
   1   99  109 46.00 0.978    0    2
   1  100   95 46.00 0.999    0    2
   1    1   80 33.00 0.082    1    2
   1    2   94 32.00 0.002    1    2
   1    3  115 43.00 0.520    1    2
   1    4   91 32.00 0.001    1    2
   1    5   80 32.00 0.039    1    2
   1    6   87 34.00 0.116    1    2
   1    7   87 32.00 0.001    1    2
   1    8   86 32.00 0.035    1    2
   1    9  108 42.00 0.418    1    2
   1   10   90 32.00 0.002    1    2
   1   11   81 34.00 0.099    1    2
   1   12   91 32.00 0.000    1    2
   1   13  110 45.00 0.845    1    2
   1   14   80 32.00 0.010    1    2
   1   15   84 32.00 0.003    1    2
   1   16   81 32.00 0.026    1    2
   1   17   90 32.00 0.000    1    2
   1   18   82 32.00 0.008    1    2
   1   19   76 32.00 0.019    1    2
   1   20  101 32.00 0.000    1    2
   1   21   80 33.00 0.067    1    2
   1   22   79 34.00 0.118    1    2
   1   23   81 32.00 0.005    1    2
   1   24   81 32.00 0.025    1    2
   1   25   80 33.00 0.081    1    2
   1   26   90 34.00 0.113    1    2
   1   27   84 34.00 0.099    1    2
   1   28   92 40.00 0.279    1    2
   1   29   83 32.00 0.003    1    2
   1   30   76 32.00 0.036    1    2
   1   31   78 32.00 0.010    1    2
   1   32   88 34.00 0.103    1    2
   1   33  103 38.00 0.212    1    2
   1   34   85 32.00 0.008    1    2
   1   35  105 39.00 0.222    1    2
   1   36  112 46.00 0.915    1    2
   1   37  116 45.00 0.853    1    2
   1   38  107 46.00 0.949    1    2
   1   39   85 35.00 0.112    1    2
   1   40   98 44.00 0.642    1    2
   1   41   93 32.00 0.000    1    2
   1   42   86 32.00 0.015    1    2
   1   43   87 32.00 0.036    1    2
   1   44  114 46.00 0.948    1    2
   1   45   91 32.00 0.003    1    2
   1   46  106 43.00 0.485    1    2
   1   47   79 32.00 0.025    1    2
   1   48   94 35.00 0.132    1    2
   1   49   95 32.00 0.000    1    2
   1   50   87 36.00 0.143    1    2
   1   51   86 33.00 0.078    1    2
   1   52   83 32.00 0.025    1    2
   1   53   78 34.00 0.092    1    2
   1   54  107 43.00 0.490    1    2
   1   55   96 38.00 0.202    1    2
   1   56  106 46.00 0.992    1    2
   1   57   88 32.00 0.031    1    2
   1   58   84 33.00 0.068    1    2
   1   59   96 32.00 0.000    1    2
   1   60   87 32.00 0.027    1    2
   1   61   79 32.00 0.016    1    2
   1   62   91 32.00 0.000    1    2
   1   63   79 33.00 0.068    1    2
   1   64   79 32.00 0.032    1    2
   1   65   94 37.00 0.174    1    2
   1   66   88 34.00 0.101    1    2
   1   67   80 32.00 0.006    1    2
   1   68   97 32.00 0.000    1    2
   1   69   80 33.00 0.066    1    2
   1   70   93 32.00 0.032    1    2
   1   71   88 32.00 0.001    1    2
   1   72   99 37.00 0.171    1    2
   1   73   78 32.00 0.033    1    2
   1   74   84 33.00 0.071    1    2
   1   75  110 41.00 0.318    1    2
   1   76   84 32.00 0.001    1    2
   1   77   91 32.00 0.000    1    2
   1   78   89 32.00 0.001    1    2
   1   79   89 32.00 0.011    1    2
   1   80  115 44.00 0.640    1    2
   1   81   84 32.00 0.031    1    2
   1   82   88 32.00 0.027    1    2
   1   83   95 32.00 0.000    1    2
   1   84   92 32.00 0.000    1    2
   1   85   83 32.00 0.008    1    2
   1   86   90 37.00 0.199    1    2
   1   87   90 33.00 0.075    1    2
   1   88   81 32.00 0.021    1    2
   1   89   82 33.00 0.083    1    2
   1   90   85 36.00 0.154    1    2
   1   91   82 32.00 0.016    1    2
   1   92   81 34.00 0.120    1    2
   1   93   86 32.00 0.024    1    2
   1   94   82 33.00 0.082    1    2
   1   95  109 43.00 0.495    1    2
   1   96   96 38.00 0.224    1    2
   1   97  101 39.00 0.241    1    2
   1   98   86 32.00 0.026    1    2
   1   99  104 46.00 0.981    1    2
   1  100   80 34.00 0.110    1    2
