  simno it age mass belief env state
   1    1   78 48.00 0.999    0    2
   1    2   87 48.00 0.978    0    2
   1    3   76 48.00 1.000    0    2
   1    4   76 48.00 1.000    0    2
   1    5   90 47.00 0.858    0    2
   1    6   79 48.00 0.999    0    2
   1    7   75 48.00 1.000    0    2
   1    8   72 48.00 1.000    0    2
   1    9   75 48.00 1.000    0    2
   1   10   70 48.00 1.000    0    2
   1   11   79 48.00 0.999    0    2
   1   12   76 48.00 1.000    0    2
   1   13   65 48.00 1.000    0    2
   1   14   73 48.00 1.000    0    2
   1   15   73 48.00 1.000    0    2
   1   16   71 48.00 1.000    0    2
   1   17   78 48.00 1.000    0    2
   1   18   71 48.00 1.000    0    2
   1   19   74 48.00 1.000    0    2
   1   20   67 48.00 1.000    0    2
   1   21   68 48.00 1.000    0    2
   1   22   74 48.00 1.000    0    2
   1   23   65 48.00 1.000    0    2
   1   24   63 48.00 1.000    0    2
   1   25   69 48.00 1.000    0    2
   1   26   74 48.00 1.000    0    2
   1   27   72 48.00 1.000    0    2
   1   28   78 48.00 1.000    0    2
   1   29   77 48.00 1.000    0    2
   1   30   74 48.00 1.000    0    2
   1   31   76 48.00 1.000    0    2
   1   32   70 48.00 1.000    0    2
   1   33   75 48.00 1.000    0    2
   1   34   70 48.00 1.000    0    2
   1   35   84 48.00 0.995    0    2
   1   36   83 48.00 0.996    0    2
   1   37   80 48.00 0.999    0    2
   1   38   81 48.00 0.998    0    2
   1   39   83 48.00 0.996    0    2
   1   40   71 48.00 1.000    0    2
   1   41   81 48.00 0.998    0    2
   1   42   69 48.00 1.000    0    2
   1   43   76 48.00 1.000    0    2
   1   44   81 48.00 0.999    0    2
   1   45   90 45.00 0.526    0    2
   1   46   69 48.00 1.000    0    2
   1   47   79 48.00 0.999    0    2
   1   48   74 48.00 1.000    0    2
   1   49   69 48.00 1.000    0    2
   1   50   84 48.00 0.994    0    2
   1   51   75 48.00 1.000    0    2
   1   52   70 48.00 1.000    0    2
   1   53   78 48.00 1.000    0    2
   1   54   78 48.00 1.000    0    2
   1   55   76 48.00 1.000    0    2
   1   56   80 48.00 0.999    0    2
   1   57   77 48.00 1.000    0    2
   1   58   81 48.00 0.998    0    2
   1   59   68 48.00 1.000    0    2
   1   60   70 48.00 1.000    0    2
   1   61   68 48.00 1.000    0    2
   1   62   70 48.00 1.000    0    2
   1   63   85 48.00 0.991    0    2
   1   64   78 48.00 1.000    0    2
   1   65   91 48.00 0.909    0    2
   1   66   79 48.00 0.999    0    2
   1   67   75 48.00 1.000    0    2
   1   68   65 48.00 1.000    0    2
   1   69   73 48.00 1.000    0    2
   1   70   68 48.00 1.000    0    2
   1   71   74 48.00 1.000    0    2
   1   72   70 48.00 1.000    0    2
   1   73   74 48.00 1.000    0    2
   1   74   91 48.00 0.916    0    2
   1   75   80 48.00 0.999    0    2
   1   76   76 48.00 1.000    0    2
   1   77   81 48.00 0.998    0    2
   1   78   77 48.00 1.000    0    2
   1   79   72 48.00 1.000    0    2
   1   80   71 48.00 1.000    0    2
   1   81   75 48.00 1.000    0    2
   1   82   81 48.00 0.999    0    2
   1   83   70 48.00 1.000    0    2
   1   84   72 48.00 1.000    0    2
   1   85   71 48.00 1.000    0    2
   1   86   73 48.00 1.000    0    2
   1   87   69 48.00 1.000    0    2
   1   88   89 48.00 0.950    0    2
   1   89   73 48.00 1.000    0    2
   1   90   75 48.00 1.000    0    2
   1   91   68 48.00 1.000    0    2
   1   92   81 48.00 0.999    0    2
   1   93   81 48.00 0.998    0    2
   1   94   72 48.00 1.000    0    2
   1   95   76 48.00 1.000    0    2
   1   96   76 48.00 1.000    0    2
   1   97   73 48.00 1.000    0    2
   1   98   68 48.00 1.000    0    2
   1   99   89 48.00 0.945    0    2
   1  100   80 48.00 0.999    0    2
   1    1   73 32.00 0.026    1    2
   1    2   73 32.00 0.027    1    2
   1    3   91 46.00 0.623    1    2
   1    4   77 36.00 0.117    1    2
   1    5   88 32.00 0.000    1    2
   1    6   77 32.00 0.007    1    2
   1    7   84 48.00 0.994    1    2
   1    8   91 45.00 0.494    1    2
   1    9   81 38.00 0.131    1    2
   1   10   73 33.00 0.055    1    2
   1   11   89 44.00 0.423    1    2
   1   12   76 32.00 0.009    1    2
   1   13   82 39.00 0.166    1    2
   1   14   87 42.00 0.251    1    2
   1   15   73 33.00 0.057    1    2
   1   16   74 34.00 0.081    1    2
   1   17   74 34.00 0.086    1    2
   1   18   88 48.00 0.975    1    2
   1   19   86 42.00 0.310    1    2
   1   20   83 48.00 0.996    1    2
   1   21   73 33.00 0.058    1    2
   1   22   79 37.00 0.117    1    2
   1   23   90 45.00 0.502    1    2
   1   24   91 47.00 0.785    1    2
   1   25   88 32.00 0.000    1    2
   1   26   89 44.00 0.417    1    2
   1   27   75 32.00 0.014    1    2
   1   28   73 33.00 0.055    1    2
   1   29   88 43.00 0.313    1    2
   1   30   80 32.00 0.002    1    2
   1   31   77 36.00 0.126    1    2
   1   32   73 33.00 0.056    1    2
   1   33   87 42.00 0.264    1    2
   1   34   73 32.00 0.027    1    2
   1   35   84 40.00 0.179    1    2
   1   36   87 42.00 0.241    1    2
   1   37   83 32.00 0.001    1    2
   1   38   91 47.00 0.792    1    2
   1   39   79 37.00 0.118    1    2
   1   40   73 33.00 0.064    1    2
   1   41   77 36.00 0.123    1    2
   1   42   73 33.00 0.056    1    2
   1   43   80 32.00 0.002    1    2
   1   44   90 45.00 0.529    1    2
   1   45   80 32.00 0.002    1    2
   1   46   77 32.00 0.007    1    2
   1   47   79 32.00 0.004    1    2
   1   48   76 35.00 0.082    1    2
   1   49   88 48.00 0.968    1    2
   1   50   90 48.00 0.948    1    2
   1   51   74 34.00 0.081    1    2
   1   52   77 32.00 0.006    1    2
   1   53   73 33.00 0.056    1    2
   1   54   87 32.00 0.000    1    2
   1   55   87 32.00 0.000    1    2
   1   56   81 38.00 0.157    1    2
   1   57   76 35.00 0.082    1    2
   1   58   73 32.00 0.028    1    2
   1   59   75 32.00 0.013    1    2
   1   60   73 32.00 0.027    1    2
   1   61   81 32.00 0.001    1    2
   1   62   73 33.00 0.057    1    2
   1   63   79 37.00 0.122    1    2
   1   64   88 48.00 0.967    1    2
   1   65   76 32.00 0.009    1    2
   1   66   73 32.00 0.027    1    2
   1   67   82 39.00 0.182    1    2
   1   68   87 42.00 0.261    1    2
   1   69   73 33.00 0.056    1    2
   1   70   78 32.00 0.004    1    2
   1   71   76 35.00 0.082    1    2
   1   72   73 32.00 0.026    1    2
   1   73   73 32.00 0.026    1    2
   1   74   80 38.00 0.170    1    2
   1   75   87 42.00 0.252    1    2
   1   76   77 36.00 0.129    1    2
   1   77   82 32.00 0.001    1    2
   1   78   77 32.00 0.006    1    2
   1   79   83 40.00 0.229    1    2
   1   80   74 34.00 0.084    1    2
   1   81   78 32.00 0.004    1    2
   1   82   92 47.00 0.776    1    2
   1   83   79 37.00 0.120    1    2
   1   84   77 36.00 0.127    1    2
   1   85   83 40.00 0.231    1    2
   1   86   80 38.00 0.168    1    2
   1   87   90 45.00 0.501    1    2
   1   88   85 41.00 0.235    1    2
   1   89   80 32.00 0.002    1    2
   1   90   88 43.00 0.347    1    2
   1   91   74 34.00 0.083    1    2
   1   92   73 33.00 0.056    1    2
   1   93   76 35.00 0.083    1    2
   1   94   91 47.00 0.809    1    2
   1   95   81 32.00 0.001    1    2
   1   96   91 45.00 0.464    1    2
   1   97   76 35.00 0.084    1    2
   1   98   78 32.00 0.005    1    2
   1   99   88 48.00 0.967    1    2
   1  100   82 39.00 0.171    1    2
