  simno it age mass belief env state
   1    1   81 48.00 0.998    0    2
   1    2   83 48.00 0.997    0    2
   1    3   74 48.00 1.000    0    2
   1    4   79 48.00 0.999    0    2
   1    5   88 43.00 0.339    0    2
   1    6   82 48.00 0.997    0    2
   1    7   78 48.00 1.000    0    2
   1    8   78 48.00 1.000    0    2
   1    9   70 48.00 1.000    0    2
   1   10   71 48.00 1.000    0    2
   1   11   80 48.00 0.999    0    2
   1   12   77 48.00 1.000    0    2
   1   13   68 48.00 1.000    0    2
   1   14   75 48.00 1.000    0    2
   1   15   73 48.00 1.000    0    2
   1   16   68 48.00 1.000    0    2
   1   17   76 48.00 1.000    0    2
   1   18   70 48.00 1.000    0    2
   1   19   67 48.00 1.000    0    2
   1   20   69 48.00 1.000    0    2
   1   21   74 48.00 1.000    0    2
   1   22   66 48.00 1.000    0    2
   1   23   73 48.00 1.000    0    2
   1   24   68 48.00 1.000    0    2
   1   25   79 48.00 0.999    0    2
   1   26   66 48.00 1.000    0    2
   1   27   69 48.00 1.000    0    2
   1   28   82 48.00 0.997    0    2
   1   29   79 48.00 0.999    0    2
   1   30   73 48.00 1.000    0    2
   1   31   80 48.00 0.999    0    2
   1   32   66 48.00 1.000    0    2
   1   33   69 48.00 1.000    0    2
   1   34   78 48.00 1.000    0    2
   1   35   84 48.00 0.995    0    2
   1   36   77 48.00 1.000    0    2
   1   37   79 48.00 0.999    0    2
   1   38   78 48.00 1.000    0    2
   1   39   79 48.00 0.999    0    2
   1   40   72 48.00 1.000    0    2
   1   41   76 48.00 1.000    0    2
   1   42   70 48.00 1.000    0    2
   1   43   74 48.00 1.000    0    2
   1   44   83 48.00 0.997    0    2
   1   45   89 48.00 0.966    0    2
   1   46   68 48.00 1.000    0    2
   1   47   82 48.00 0.998    0    2
   1   48   77 48.00 1.000    0    2
   1   49   71 48.00 1.000    0    2
   1   50   84 48.00 0.994    0    2
   1   51   80 48.00 0.999    0    2
   1   52   65 48.00 1.000    0    2
   1   53   79 48.00 0.999    0    2
   1   54   77 48.00 1.000    0    2
   1   55   77 48.00 1.000    0    2
   1   56   82 48.00 0.998    0    2
   1   57   89 48.00 0.965    0    2
   1   58   72 48.00 1.000    0    2
   1   59   65 48.00 1.000    0    2
   1   60   87 48.00 0.984    0    2
   1   61   66 48.00 1.000    0    2
   1   62   69 48.00 1.000    0    2
   1   63   86 48.00 0.987    0    2
   1   64   77 48.00 1.000    0    2
   1   65   81 48.00 0.999    0    2
   1   66   75 48.00 1.000    0    2
   1   67   71 48.00 1.000    0    2
   1   68   67 48.00 1.000    0    2
   1   69   75 48.00 1.000    0    2
   1   70   79 48.00 0.999    0    2
   1   71   67 48.00 1.000    0    2
   1   72   68 48.00 1.000    0    2
   1   73   74 48.00 1.000    0    2
   1   74   86 48.00 0.989    0    2
   1   75   84 48.00 0.995    0    2
   1   76   80 48.00 0.999    0    2
   1   77   83 48.00 0.997    0    2
   1   78   74 48.00 1.000    0    2
   1   79   75 48.00 1.000    0    2
   1   80   73 48.00 1.000    0    2
   1   81   79 48.00 0.999    0    2
   1   82   81 48.00 0.998    0    2
   1   83   74 48.00 1.000    0    2
   1   84   73 48.00 1.000    0    2
   1   85   59 48.00 1.000    0    2
   1   86   76 48.00 1.000    0    2
   1   87   78 48.00 1.000    0    2
   1   88   83 48.00 0.997    0    2
   1   89   74 48.00 1.000    0    2
   1   90   77 48.00 1.000    0    2
   1   91   59 48.00 1.000    0    2
   1   92   81 48.00 0.998    0    2
   1   93   75 48.00 1.000    0    2
   1   94   72 48.00 1.000    0    2
   1   95   71 48.00 1.000    0    2
   1   96   79 48.00 0.999    0    2
   1   97   70 48.00 1.000    0    2
   1   98   72 48.00 1.000    0    2
   1   99   86 48.00 0.986    0    2
   1  100   76 48.00 1.000    0    2
   1    1   74 32.00 0.020    1    2
   1    2   76 35.00 0.087    1    2
   1    3   91 46.00 0.622    1    2
   1    4   84 32.00 0.000    1    2
   1    5  104 32.00 0.000    1    2
   1    6   79 37.00 0.120    1    2
   1    7   91 48.00 0.905    1    2
   1    8   73 33.00 0.066    1    2
   1    9   73 33.00 0.059    1    2
   1   10   73 32.00 0.029    1    2
   1   11   89 44.00 0.449    1    2
   1   12   74 32.00 0.019    1    2
   1   13   75 32.00 0.012    1    2
   1   14   74 34.00 0.087    1    2
   1   15   76 32.00 0.009    1    2
   1   16   81 38.00 0.130    1    2
   1   17   90 48.00 0.926    1    2
   1   18   91 47.00 0.845    1    2
   1   19   88 43.00 0.322    1    2
   1   20   86 48.00 0.989    1    2
   1   21   80 32.00 0.002    1    2
   1   22   87 42.00 0.261    1    2
   1   23   92 47.00 0.764    1    2
   1   24   91 47.00 0.852    1    2
   1   25   76 32.00 0.009    1    2
   1   26   85 41.00 0.244    1    2
   1   27   73 32.00 0.026    1    2
   1   28   90 45.00 0.525    1    2
   1   29   73 33.00 0.068    1    2
   1   30   73 32.00 0.029    1    2
   1   31   91 45.00 0.454    1    2
   1   32   79 32.00 0.003    1    2
   1   33   73 33.00 0.055    1    2
   1   34   73 32.00 0.028    1    2
   1   35   84 40.00 0.186    1    2
   1   36   76 35.00 0.089    1    2
   1   37   78 32.00 0.004    1    2
   1   38   91 45.00 0.486    1    2
   1   39   74 32.00 0.018    1    2
   1   40   76 32.00 0.008    1    2
   1   41   81 38.00 0.154    1    2
   1   42   73 33.00 0.056    1    2
   1   43   74 32.00 0.021    1    2
   1   44   92 47.00 0.778    1    2
   1   45   73 33.00 0.059    1    2
   1   46   77 32.00 0.006    1    2
   1   47   73 33.00 0.056    1    2
   1   48   88 43.00 0.367    1    2
   1   49   84 48.00 0.995    1    2
   1   50   92 47.00 0.777    1    2
   1   51   76 35.00 0.092    1    2
   1   52   74 34.00 0.091    1    2
   1   53   78 36.00 0.096    1    2
   1   54   87 32.00 0.000    1    2
   1   55   81 32.00 0.001    1    2
   1   56   78 36.00 0.116    1    2
   1   57   80 32.00 0.002    1    2
   1   58   88 43.00 0.322    1    2
   1   59   88 43.00 0.318    1    2
   1   60   80 32.00 0.002    1    2
   1   61   82 39.00 0.175    1    2
   1   62   74 32.00 0.018    1    2
   1   63   77 32.00 0.006    1    2
   1   64   88 43.00 0.332    1    2
   1   65   74 34.00 0.081    1    2
   1   66   85 32.00 0.000    1    2
   1   67   74 34.00 0.085    1    2
   1   68   78 36.00 0.096    1    2
   1   69   73 33.00 0.062    1    2
   1   70   76 32.00 0.009    1    2
   1   71   77 32.00 0.007    1    2
   1   72   73 32.00 0.029    1    2
   1   73   76 32.00 0.009    1    2
   1   74   84 40.00 0.204    1    2
   1   75   85 32.00 0.000    1    2
   1   76   73 32.00 0.029    1    2
   1   77   73 33.00 0.058    1    2
   1   78   82 32.00 0.001    1    2
   1   79   74 34.00 0.094    1    2
   1   80   91 47.00 0.774    1    2
   1   81   75 34.00 0.071    1    2
   1   82   79 37.00 0.138    1    2
   1   83   73 33.00 0.065    1    2
   1   84   78 32.00 0.004    1    2
   1   85   82 39.00 0.190    1    2
   1   86   73 32.00 0.028    1    2
   1   87   90 47.00 0.857    1    2
   1   88   84 40.00 0.199    1    2
   1   89   75 32.00 0.013    1    2
   1   90   92 46.00 0.615    1    2
   1   91   76 35.00 0.098    1    2
   1   92   78 32.00 0.004    1    2
   1   93   73 32.00 0.026    1    2
   1   94   92 46.00 0.608    1    2
   1   95   76 32.00 0.008    1    2
   1   96   87 42.00 0.275    1    2
   1   97   76 35.00 0.095    1    2
   1   98   77 32.00 0.006    1    2
   1   99   89 48.00 0.955    1    2
   1  100   82 39.00 0.188    1    2
