  simno it age mass belief env state
   1    1   88 48.00 0.964    0    2
   1    2   90 47.00 0.853    0    2
   1    3   81 48.00 0.998    0    2
   1    4   86 48.00 0.985    0    2
   1    5   78 32.00 0.005    0    2
   1    6   90 47.00 0.837    0    2
   1    7   88 48.00 0.966    0    2
   1    8   73 33.00 0.063    0    2
   1    9   84 48.00 0.995    0    2
   1   10   78 48.00 1.000    0    2
   1   11   82 39.00 0.179    0    2
   1   12   90 45.00 0.504    0    2
   1   13   87 42.00 0.250    0    2
   1   14   88 48.00 0.964    0    2
   1   15   90 47.00 0.851    0    2
   1   16   81 48.00 0.998    0    2
   1   17   84 48.00 0.993    0    2
   1   18   81 48.00 0.999    0    2
   1   19   89 48.00 0.959    0    2
   1   20   87 48.00 0.985    0    2
   1   21   79 48.00 0.999    0    2
   1   22   90 48.00 0.943    0    2
   1   23   92 47.00 0.771    0    2
   1   24   82 39.00 0.182    0    2
   1   25   90 47.00 0.847    0    2
   1   26   88 48.00 0.968    0    2
   1   27   90 47.00 0.861    0    2
   1   28   90 48.00 0.939    0    2
   1   29   86 48.00 0.989    0    2
   1   30   84 48.00 0.994    0    2
   1   31   82 39.00 0.171    0    2
   1   32   86 48.00 0.990    0    2
   1   33   89 48.00 0.960    0    2
   1   34   79 48.00 0.999    0    2
   1   35   91 47.00 0.794    0    2
   1   36   91 47.00 0.772    0    2
   1   37   87 48.00 0.978    0    2
   1   38   91 46.00 0.601    0    2
   1   39   81 32.00 0.002    0    2
   1   40   77 48.00 1.000    0    2
   1   41   74 32.00 0.018    0    2
   1   42   85 48.00 0.993    0    2
   1   43   80 48.00 0.999    0    2
   1   44   73 33.00 0.059    0    2
   1   45   90 47.00 0.854    0    2
   1   46   81 48.00 0.998    0    2
   1   47   89 48.00 0.956    0    2
   1   48   88 48.00 0.963    0    2
   1   49   73 33.00 0.056    0    2
   1   50   86 42.00 0.310    0    2
   1   51   74 32.00 0.019    0    2
   1   52   89 48.00 0.954    0    2
   1   53   85 48.00 0.993    0    2
   1   54   76 35.00 0.092    0    2
   1   55   81 48.00 0.999    0    2
   1   56   87 48.00 0.982    0    2
   1   57   90 48.00 0.928    0    2
   1   58   91 46.00 0.605    0    2
   1   59   88 43.00 0.334    0    2
   1   60   74 48.00 1.000    0    2
   1   61   80 38.00 0.168    0    2
   1   62   84 48.00 0.995    0    2
   1   63   87 48.00 0.977    0    2
   1   64   85 48.00 0.992    0    2
   1   65   84 48.00 0.994    0    2
   1   66   73 33.00 0.056    0    2
   1   67   90 45.00 0.507    0    2
   1   68   90 47.00 0.839    0    2
   1   69   90 48.00 0.940    0    2
   1   70   87 48.00 0.981    0    2
   1   71   83 48.00 0.997    0    2
   1   72   88 48.00 0.978    0    2
   1   73   90 48.00 0.927    0    2
   1   74   86 48.00 0.987    0    2
   1   75   89 48.00 0.952    0    2
   1   76   70 48.00 1.000    0    2
   1   77   80 48.00 0.999    0    2
   1   78   74 34.00 0.083    0    2
   1   79   83 48.00 0.996    0    2
   1   80   87 48.00 0.980    0    2
   1   81   81 48.00 0.998    0    2
   1   82   91 47.00 0.816    0    2
   1   83   87 48.00 0.975    0    2
   1   84   80 48.00 0.999    0    2
   1   85   87 48.00 0.978    0    2
   1   86   91 47.00 0.813    0    2
   1   87   81 48.00 0.998    0    2
   1   88   74 34.00 0.089    0    2
   1   89   85 48.00 0.992    0    2
   1   90   87 48.00 0.975    0    2
   1   91   86 48.00 0.985    0    2
   1   92   83 48.00 0.996    0    2
   1   93   83 48.00 0.996    0    2
   1   94   89 48.00 0.946    0    2
   1   95   81 48.00 0.998    0    2
   1   96   74 48.00 1.000    0    2
   1   97   91 46.00 0.631    0    2
   1   98   86 48.00 0.986    0    2
   1   99   85 48.00 0.991    0    2
   1  100   90 45.00 0.504    0    2
   1    1   79 32.00 0.003    1    2
   1    2   73 32.00 0.027    1    2
   1    3   97 32.00 0.000    1    2
   1    4   84 32.00 0.000    1    2
   1    5   82 32.00 0.001    1    2
   1    6   79 37.00 0.118    1    2
   1    7  109 32.00 0.000    1    2
   1    8   73 33.00 0.056    1    2
   1    9   86 32.00 0.000    1    2
   1   10   84 32.00 0.000    1    2
   1   11   77 32.00 0.006    1    2
   1   12   93 32.00 0.000    1    2
   1   13   95 32.00 0.000    1    2
   1   14   77 36.00 0.121    1    2
   1   15   87 32.00 0.000    1    2
   1   16   96 32.00 0.000    1    2
   1   17   84 32.00 0.000    1    2
   1   18   84 32.00 0.000    1    2
   1   19   76 32.00 0.009    1    2
   1   20   98 32.00 0.000    1    2
   1   21   85 32.00 0.000    1    2
   1   22   96 32.00 0.000    1    2
   1   23  111 32.00 0.000    1    2
   1   24   99 32.00 0.000    1    2
   1   25   84 32.00 0.000    1    2
   1   26  101 32.00 0.000    1    2
   1   27   77 32.00 0.006    1    2
   1   28   94 32.00 0.000    1    2
   1   29   96 32.00 0.000    1    2
   1   30   73 32.00 0.027    1    2
   1   31  105 32.00 0.000    1    2
   1   32   92 32.00 0.000    1    2
   1   33   83 32.00 0.001    1    2
   1   34   77 32.00 0.007    1    2
   1   35   73 33.00 0.055    1    2
   1   36   80 32.00 0.002    1    2
   1   37   90 32.00 0.000    1    2
   1   38   90 32.00 0.000    1    2
   1   39   90 32.00 0.000    1    2
   1   40  108 32.00 0.000    1    2
   1   41   76 32.00 0.009    1    2
   1   42   88 32.00 0.000    1    2
   1   43   92 32.00 0.000    1    2
   1   44   97 32.00 0.000    1    2
   1   45  100 32.00 0.000    1    2
   1   46   76 32.00 0.009    1    2
   1   47  100 32.00 0.000    1    2
   1   48   89 44.00 0.402    1    2
   1   49   95 32.00 0.000    1    2
   1   50  104 32.00 0.000    1    2
   1   51   97 32.00 0.000    1    2
   1   52   94 32.00 0.000    1    2
   1   53   84 32.00 0.000    1    2
   1   54   88 32.00 0.000    1    2
   1   55   82 32.00 0.001    1    2
   1   56   91 32.00 0.001    1    2
   1   57   92 32.00 0.000    1    2
   1   58   85 41.00 0.256    1    2
   1   59  104 32.00 0.000    1    2
   1   60   99 32.00 0.000    1    2
   1   61   94 32.00 0.000    1    2
   1   62   77 36.00 0.121    1    2
   1   63  109 32.00 0.000    1    2
   1   64  103 32.00 0.000    1    2
   1   65   92 32.00 0.000    1    2
   1   66   76 35.00 0.098    1    2
   1   67   94 32.00 0.000    1    2
   1   68   96 32.00 0.000    1    2
   1   69   85 32.00 0.000    1    2
   1   70   76 32.00 0.009    1    2
   1   71   99 32.00 0.000    1    2
   1   72   81 38.00 0.128    1    2
   1   73   90 32.00 0.000    1    2
   1   74   78 32.00 0.004    1    2
   1   75  109 32.00 0.000    1    2
   1   76   73 33.00 0.056    1    2
   1   77   73 33.00 0.062    1    2
   1   78  100 32.00 0.000    1    2
   1   79   77 32.00 0.006    1    2
   1   80   81 32.00 0.001    1    2
   1   81   91 32.00 0.000    1    2
   1   82  104 32.00 0.000    1    2
   1   83   81 32.00 0.001    1    2
   1   84   76 32.00 0.009    1    2
   1   85  105 32.00 0.000    1    2
   1   86   94 32.00 0.000    1    2
   1   87   86 32.00 0.000    1    2
   1   88   95 32.00 0.000    1    2
   1   89   76 32.00 0.009    1    2
   1   90   83 32.00 0.001    1    2
   1   91   76 32.00 0.008    1    2
   1   92   90 32.00 0.000    1    2
   1   93   87 32.00 0.000    1    2
   1   94   84 32.00 0.000    1    2
   1   95   86 32.00 0.000    1    2
   1   96   92 32.00 0.000    1    2
   1   97   81 32.00 0.001    1    2
   1   98   84 32.00 0.000    1    2
   1   99  103 32.00 0.000    1    2
   1  100  106 32.00 0.000    1    2
