  simno it age mass belief env state
   1    1   82 48.00 0.999    0    2
   1    2   80 48.00 1.000    0    2
   1    3   89 48.00 0.999    0    2
   1    4   86 48.00 0.996    0    2
   1    5   78 48.00 1.000    0    2
   1    6   81 48.00 1.000    0    2
   1    7   87 48.00 0.996    0    2
   1    8   70 48.00 1.000    0    2
   1    9   71 48.00 1.000    0    2
   1   10   70 48.00 1.000    0    2
   1   11   84 48.00 0.999    0    2
   1   12   74 48.00 1.000    0    2
   1   13   75 48.00 1.000    0    2
   1   14   67 48.00 1.000    0    2
   1   15   63 48.00 1.000    0    2
   1   16   83 48.00 1.000    0    2
   1   17   77 48.00 1.000    0    2
   1   18   81 48.00 0.999    0    2
   1   19   72 48.00 1.000    0    2
   1   20   80 48.00 1.000    0    2
   1   21   71 48.00 1.000    0    2
   1   22   73 48.00 1.000    0    2
   1   23   69 48.00 1.000    0    2
   1   24   77 48.00 1.000    0    2
   1   25   83 48.00 0.999    0    2
   1   26   77 48.00 1.000    0    2
   1   27   68 48.00 1.000    0    2
   1   28   66 48.00 1.000    0    2
   1   29   75 48.00 1.000    0    2
   1   30   79 48.00 1.000    0    2
   1   31   74 48.00 1.000    0    2
   1   32   72 48.00 1.000    0    2
   1   33   75 48.00 1.000    0    2
   1   34   82 48.00 1.000    0    2
   1   35   78 48.00 1.000    0    2
   1   36   88 48.00 0.996    0    2
   1   37   67 48.00 1.000    0    2
   1   38   90 48.00 0.990    0    2
   1   39   66 48.00 1.000    0    2
   1   40   75 48.00 1.000    0    2
   1   41   85 48.00 0.998    0    2
   1   42   83 48.00 0.999    0    2
   1   43   80 48.00 1.000    0    2
   1   44   92 48.00 0.989    0    2
   1   45   71 48.00 1.000    0    2
   1   46   75 48.00 1.000    0    2
   1   47   79 48.00 1.000    0    2
   1   48   84 48.00 0.998    0    2
   1   49   74 48.00 1.000    0    2
   1   50   71 48.00 1.000    0    2
   1   51   67 48.00 1.000    0    2
   1   52   65 48.00 1.000    0    2
   1   53   76 48.00 1.000    0    2
   1   54   67 48.00 1.000    0    2
   1   55   76 48.00 1.000    0    2
   1   56   84 48.00 0.998    0    2
   1   57   71 48.00 1.000    0    2
   1   58   95 48.00 0.974    0    2
   1   59   85 48.00 0.998    0    2
   1   60   73 48.00 1.000    0    2
   1   61   72 48.00 1.000    0    2
   1   62   84 48.00 0.998    0    2
   1   63   79 48.00 1.000    0    2
   1   64   81 48.00 1.000    0    2
   1   65   82 48.00 1.000    0    2
   1   66   79 48.00 1.000    0    2
   1   67   71 48.00 1.000    0    2
   1   68   84 48.00 0.999    0    2
   1   69   73 48.00 1.000    0    2
   1   70   77 48.00 1.000    0    2
   1   71   76 48.00 1.000    0    2
   1   72   87 48.00 0.998    0    2
   1   73   73 48.00 1.000    0    2
   1   74   70 48.00 1.000    0    2
   1   75   92 48.00 0.980    0    2
   1   76   80 48.00 1.000    0    2
   1   77   80 48.00 1.000    0    2
   1   78   76 48.00 1.000    0    2
   1   79   83 48.00 0.999    0    2
   1   80   76 48.00 1.000    0    2
   1   81   88 48.00 0.992    0    2
   1   82   83 48.00 0.999    0    2
   1   83   90 36.00 0.186    0    2
   1   84   74 48.00 1.000    0    2
   1   85   77 48.00 1.000    0    2
   1   86   90 48.00 0.985    0    2
   1   87   77 48.00 1.000    0    2
   1   88   74 48.00 1.000    0    2
   1   89   84 48.00 0.998    0    2
   1   90   75 48.00 1.000    0    2
   1   91   81 48.00 1.000    0    2
   1   92   87 48.00 0.995    0    2
   1   93   68 48.00 1.000    0    2
   1   94   70 48.00 1.000    0    2
   1   95   94 46.00 0.738    0    2
   1   96   74 48.00 1.000    0    2
   1   97   76 48.00 1.000    0    2
   1   98   84 48.00 0.998    0    2
   1   99   84 48.00 1.000    0    2
   1  100   85 48.00 0.999    0    2
   1    1  111 30.00 0.001    1    2
   1    2   99 36.00 0.184    1    2
   1    3   99 30.00 0.018    1    2
   1    4   97 30.00 0.004    1    2
   1    5   95 30.00 0.004    1    2
   1    6   83 33.00 0.141    1    2
   1    7   98 30.00 0.010    1    2
   1    8  108 30.00 0.003    1    2
   1    9  101 42.00 0.396    1    2
   1   10   92 30.00 0.047    1    2
   1   11   84 36.00 0.188    1    2
   1   12  100 30.00 0.002    1    2
   1   13   95 48.00 0.961    1    2
   1   14   80 30.00 0.071    1    2
   1   15   91 41.00 0.319    1    2
   1   16   83 32.00 0.125    1    2
   1   17  100 30.00 0.005    1    2
   1   18   92 30.00 0.016    1    2
   1   19   94 44.00 0.520    1    2
   1   20   98 48.00 0.940    1    2
   1   21  100 39.00 0.252    1    2
   1   22   92 42.00 0.381    1    2
   1   23   88 31.00 0.102    1    2
   1   24   98 38.00 0.244    1    2
   1   25   77 34.00 0.151    1    2
   1   26   76 33.00 0.130    1    2
   1   27   84 37.00 0.211    1    2
   1   28  128 30.00 0.000    1    2
   1   29   94 48.00 0.957    1    2
   1   30   93 47.00 0.894    1    2
   1   31   92 39.00 0.280    1    2
   1   32   75 33.00 0.132    1    2
   1   33   84 32.00 0.124    1    2
   1   34   94 45.00 0.625    1    2
   1   35   87 48.00 0.996    1    2
   1   36   78 33.00 0.147    1    2
   1   37   98 30.00 0.010    1    2
   1   38   83 30.00 0.046    1    2
   1   39   95 47.00 0.848    1    2
   1   40   86 37.00 0.197    1    2
   1   41   88 30.00 0.015    1    2
   1   42   94 30.00 0.006    1    2
   1   43   94 33.00 0.149    1    2
   1   44   78 31.00 0.096    1    2
   1   45   87 32.00 0.117    1    2
   1   46  102 30.00 0.005    1    2
   1   47   80 30.00 0.072    1    2
   1   48  113 30.00 0.001    1    2
   1   49   85 37.00 0.205    1    2
   1   50   91 30.00 0.049    1    2
   1   51   79 30.00 0.058    1    2
   1   52   95 48.00 0.941    1    2
   1   53   82 35.00 0.193    1    2
   1   54   87 30.00 0.008    1    2
   1   55   95 45.00 0.621    1    2
   1   56   78 34.00 0.164    1    2
   1   57   78 33.00 0.135    1    2
   1   58   90 48.00 0.993    1    2
   1   59   80 31.00 0.101    1    2
   1   60   94 36.00 0.206    1    2
   1   61   92 37.00 0.225    1    2
   1   62   92 44.00 0.535    1    2
   1   63   76 33.00 0.135    1    2
   1   64   91 43.00 0.462    1    2
   1   65   93 42.00 0.371    1    2
   1   66   93 47.00 0.901    1    2
   1   67   97 47.00 0.896    1    2
   1   68   74 32.00 0.115    1    2
   1   69   82 30.00 0.056    1    2
   1   70   83 30.00 0.023    1    2
   1   71   78 30.00 0.066    1    2
   1   72   87 30.00 0.038    1    2
   1   73   80 34.00 0.146    1    2
   1   74   89 40.00 0.298    1    2
   1   75   82 34.00 0.163    1    2
   1   76  104 30.00 0.008    1    2
   1   77   74 33.00 0.149    1    2
   1   78   95 42.00 0.398    1    2
   1   79  102 30.00 0.009    1    2
   1   80  100 46.00 0.742    1    2
   1   81  109 30.00 0.001    1    2
   1   82  101 45.00 0.614    1    2
   1   83  114 30.00 0.000    1    2
   1   84   88 32.00 0.124    1    2
   1   85   75 30.00 0.073    1    2
   1   86   84 39.00 0.288    1    2
   1   87   91 30.00 0.053    1    2
   1   88   84 30.00 0.053    1    2
   1   89   79 30.00 0.068    1    2
   1   90   77 34.00 0.148    1    2
   1   91   87 48.00 0.995    1    2
   1   92  101 30.00 0.024    1    2
   1   93   85 31.00 0.093    1    2
   1   94   81 30.00 0.043    1    2
   1   95  107 30.00 0.006    1    2
   1   96   91 41.00 0.342    1    2
   1   97   81 37.00 0.202    1    2
   1   98   94 48.00 0.949    1    2
   1   99   97 46.00 0.719    1    2
   1  100   97 45.00 0.633    1    2
