  simno it age mass belief env state
   1    1  100 46.00 0.917    0    2
   1    2   84 32.00 0.038    0    2
   1    3   80 32.00 0.013    0    2
   1    4   95 46.00 0.990    0    2
   1    5   98 46.00 0.999    0    2
   1    6  108 46.00 0.982    0    2
   1    7  102 46.00 0.996    0    2
   1    8  107 46.00 0.990    0    2
   1    9  112 46.00 0.969    0    2
   1   10  101 44.00 0.622    0    2
   1   11  119 45.00 0.758    0    2
   1   12  106 45.00 0.862    0    2
   1   13  106 46.00 0.985    0    2
   1   14   99 46.00 0.996    0    2
   1   15   81 32.00 0.034    0    2
   1   16  110 42.00 0.413    0    2
   1   17   78 32.00 0.030    0    2
   1   18  106 46.00 0.992    0    2
   1   19  109 46.00 0.972    0    2
   1   20  107 46.00 0.974    0    2
   1   21  111 46.00 0.968    0    2
   1   22  106 46.00 0.983    0    2
   1   23  100 46.00 0.998    0    2
   1   24  110 46.00 0.970    0    2
   1   25   80 32.00 0.032    0    2
   1   26   99 45.00 0.792    0    2
   1   27   84 32.00 0.032    0    2
   1   28   93 46.00 1.000    0    2
   1   29  108 46.00 0.981    0    2
   1   30   87 37.00 0.159    0    2
   1   31   83 32.00 0.016    0    2
   1   32   84 32.00 0.005    0    2
   1   33  100 46.00 0.995    0    2
   1   34  103 46.00 0.996    0    2
   1   35   92 46.00 0.995    0    2
   1   36  107 46.00 0.989    0    2
   1   37  111 46.00 0.975    0    2
   1   38   80 33.00 0.077    0    2
   1   39   98 46.00 0.996    0    2
   1   40  115 46.00 0.955    0    2
   1   41   97 43.00 0.517    0    2
   1   42   99 44.00 0.612    0    2
   1   43  102 46.00 0.997    0    2
   1   44  115 45.00 0.805    0    2
   1   45   90 46.00 1.000    0    2
   1   46  108 46.00 0.984    0    2
   1   47   86 46.00 1.000    0    2
   1   48  109 46.00 0.948    0    2
   1   49  112 46.00 0.976    0    2
   1   50  111 46.00 0.956    0    2
   1   51  103 46.00 0.935    0    2
   1   52   78 32.00 0.033    0    2
   1   53  101 46.00 0.988    0    2
   1   54  105 46.00 0.979    0    2
   1   55   90 46.00 0.997    0    2
   1   56   83 32.00 0.011    0    2
   1   57  112 46.00 0.966    0    2
   1   58   79 35.00 0.139    0    2
   1   59  104 46.00 0.996    0    2
   1   60  106 46.00 0.951    0    2
   1   61  103 46.00 0.977    0    2
   1   62  108 46.00 0.987    0    2
   1   63   91 46.00 1.000    0    2
   1   64  103 43.00 0.498    0    2
   1   65   93 46.00 1.000    0    2
   1   66   96 46.00 0.997    0    2
   1   67   94 32.00 0.000    0    2
   1   68  107 44.00 0.647    0    2
   1   69   82 36.00 0.155    0    2
   1   70  106 39.00 0.224    0    2
   1   71   84 34.00 0.093    0    2
   1   72   97 46.00 0.991    0    2
   1   73  107 46.00 0.990    0    2
   1   74   86 32.00 0.002    0    2
   1   75  106 45.00 0.813    0    2
   1   76   90 38.00 0.189    0    2
   1   77  102 46.00 0.934    0    2
   1   78   86 34.00 0.113    0    2
   1   79  105 46.00 0.925    0    2
   1   80   78 32.00 0.022    0    2
   1   81  107 45.00 0.841    0    2
   1   82   85 36.00 0.137    0    2
   1   83  105 46.00 0.985    0    2
   1   84  104 46.00 0.979    0    2
   1   85  104 46.00 0.995    0    2
   1   86  111 46.00 0.961    0    2
   1   87   83 32.00 0.008    0    2
   1   88   97 46.00 0.997    0    2
   1   89   84 33.00 0.067    0    2
   1   90   85 34.00 0.094    0    2
   1   91  114 46.00 0.932    0    2
   1   92  116 44.00 0.647    0    2
   1   93   97 46.00 0.981    0    2
   1   94  100 46.00 0.985    0    2
   1   95  112 46.00 0.954    0    2
   1   96  115 44.00 0.657    0    2
   1   97  100 46.00 0.997    0    2
   1   98  100 46.00 0.996    0    2
   1   99   94 45.00 0.776    0    2
   1  100  102 46.00 0.993    0    2
   1    1   95 32.00 0.000    1    2
   1    2   83 32.00 0.002    1    2
   1    3   95 32.00 0.000    1    2
   1    4   95 32.00 0.000    1    2
   1    5   85 32.00 0.001    1    2
   1    6   79 33.00 0.074    1    2
   1    7   90 32.00 0.000    1    2
   1    8   91 32.00 0.000    1    2
   1    9   91 32.00 0.000    1    2
   1   10   82 32.00 0.005    1    2
   1   11  101 32.00 0.000    1    2
   1   12  109 32.00 0.000    1    2
   1   13   96 32.00 0.000    1    2
   1   14   92 32.00 0.000    1    2
   1   15  109 32.00 0.000    1    2
   1   16   91 32.00 0.000    1    2
   1   17   97 32.00 0.000    1    2
   1   18   89 32.00 0.000    1    2
   1   19  100 32.00 0.000    1    2
   1   20  103 32.00 0.000    1    2
   1   21   99 32.00 0.000    1    2
   1   22  109 32.00 0.000    1    2
   1   23  116 32.00 0.000    1    2
   1   24   93 32.00 0.000    1    2
   1   25   84 32.00 0.006    1    2
   1   26   85 32.00 0.003    1    2
   1   27  113 32.00 0.000    1    2
   1   28   85 32.00 0.004    1    2
   1   29  105 32.00 0.000    1    2
   1   30  102 32.00 0.000    1    2
   1   31   80 32.00 0.006    1    2
   1   32  111 32.00 0.000    1    2
   1   33   85 32.00 0.026    1    2
   1   34   85 32.00 0.004    1    2
   1   35   82 32.00 0.009    1    2
   1   36   87 32.00 0.001    1    2
   1   37   98 32.00 0.000    1    2
   1   38   93 32.00 0.000    1    2
   1   39  100 32.00 0.000    1    2
   1   40  102 32.00 0.000    1    2
   1   41   82 33.00 0.075    1    2
   1   42   80 32.00 0.019    1    2
   1   43   99 32.00 0.000    1    2
   1   44   91 32.00 0.000    1    2
   1   45  111 32.00 0.000    1    2
   1   46   93 32.00 0.000    1    2
   1   47  101 32.00 0.000    1    2
   1   48   83 32.00 0.002    1    2
   1   49   88 32.00 0.000    1    2
   1   50   99 32.00 0.000    1    2
   1   51   95 32.00 0.000    1    2
   1   52   93 32.00 0.000    1    2
   1   53   93 32.00 0.000    1    2
   1   54   97 40.00 0.285    1    2
   1   55  102 32.00 0.000    1    2
   1   56   94 32.00 0.000    1    2
   1   57  105 32.00 0.000    1    2
   1   58  104 32.00 0.000    1    2
   1   59   81 32.00 0.005    1    2
   1   60   87 32.00 0.000    1    2
   1   61   96 32.00 0.000    1    2
   1   62   91 32.00 0.000    1    2
   1   63   83 32.00 0.003    1    2
   1   64  101 32.00 0.000    1    2
   1   65   97 32.00 0.000    1    2
   1   66  107 32.00 0.000    1    2
   1   67  106 32.00 0.000    1    2
   1   68   90 32.00 0.000    1    2
   1   69   89 32.00 0.000    1    2
   1   70   91 32.00 0.000    1    2
   1   71   93 32.00 0.000    1    2
   1   72  113 32.00 0.000    1    2
   1   73  105 32.00 0.000    1    2
   1   74   85 32.00 0.007    1    2
   1   75   82 32.00 0.011    1    2
   1   76   81 32.00 0.024    1    2
   1   77   85 32.00 0.001    1    2
   1   78   80 32.00 0.008    1    2
   1   79  131 32.00 0.000    1    2
   1   80   85 32.00 0.002    1    2
   1   81  105 32.00 0.000    1    2
   1   82  103 32.00 0.000    1    2
   1   83   79 32.00 0.035    1    2
   1   84   91 32.00 0.000    1    2
   1   85   91 32.00 0.000    1    2
   1   86   92 32.00 0.000    1    2
   1   87   95 32.00 0.000    1    2
   1   88   85 32.00 0.001    1    2
   1   89  115 32.00 0.000    1    2
   1   90   90 32.00 0.000    1    2
   1   91   93 32.00 0.000    1    2
   1   92   91 32.00 0.000    1    2
   1   93   79 32.00 0.027    1    2
   1   94  100 32.00 0.000    1    2
   1   95   89 32.00 0.000    1    2
   1   96   82 32.00 0.004    1    2
   1   97   90 32.00 0.000    1    2
   1   98   96 32.00 0.000    1    2
   1   99   92 32.00 0.001    1    2
   1  100  105 32.00 0.000    1    2
