  simno it age mass belief env state
   1    1   82 48.00 0.999    0    2
   1    2   75 48.00 1.000    0    2
   1    3   88 48.00 0.999    0    2
   1    4   81 48.00 0.999    0    2
   1    5   73 48.00 1.000    0    2
   1    6   87 48.00 0.997    0    2
   1    7   85 48.00 0.997    0    2
   1    8   69 48.00 1.000    0    2
   1    9   66 48.00 1.000    0    2
   1   10   76 48.00 1.000    0    2
   1   11   76 48.00 1.000    0    2
   1   12   75 48.00 1.000    0    2
   1   13   74 48.00 1.000    0    2
   1   14   72 48.00 1.000    0    2
   1   15   69 48.00 1.000    0    2
   1   16   81 48.00 0.999    0    2
   1   17   82 48.00 1.000    0    2
   1   18   79 48.00 1.000    0    2
   1   19   76 48.00 1.000    0    2
   1   20   70 48.00 1.000    0    2
   1   21   68 48.00 1.000    0    2
   1   22   72 48.00 1.000    0    2
   1   23   70 48.00 1.000    0    2
   1   24   81 48.00 0.999    0    2
   1   25   81 48.00 1.000    0    2
   1   26   74 48.00 1.000    0    2
   1   27   73 48.00 1.000    0    2
   1   28   69 48.00 1.000    0    2
   1   29   82 48.00 1.000    0    2
   1   30   85 48.00 0.998    0    2
   1   31   74 48.00 1.000    0    2
   1   32   68 48.00 1.000    0    2
   1   33   74 48.00 1.000    0    2
   1   34   79 48.00 1.000    0    2
   1   35   75 48.00 1.000    0    2
   1   36   86 48.00 0.997    0    2
   1   37   66 48.00 1.000    0    2
   1   38   85 48.00 0.997    0    2
   1   39   74 48.00 1.000    0    2
   1   40   75 48.00 1.000    0    2
   1   41   88 48.00 0.993    0    2
   1   42   85 48.00 0.998    0    2
   1   43   83 48.00 0.999    0    2
   1   44   94 48.00 0.993    0    2
   1   45   72 48.00 1.000    0    2
   1   46   73 48.00 1.000    0    2
   1   47   79 48.00 1.000    0    2
   1   48   90 48.00 0.990    0    2
   1   49   76 48.00 1.000    0    2
   1   50   70 48.00 1.000    0    2
   1   51   69 48.00 1.000    0    2
   1   52   71 48.00 1.000    0    2
   1   53   76 48.00 1.000    0    2
   1   54   73 48.00 1.000    0    2
   1   55   76 48.00 1.000    0    2
   1   56   85 48.00 0.999    0    2
   1   57   81 48.00 1.000    0    2
   1   58   85 48.00 0.997    0    2
   1   59   85 48.00 0.999    0    2
   1   60   89 48.00 0.995    0    2
   1   61   64 48.00 1.000    0    2
   1   62   90 48.00 0.997    0    2
   1   63   72 48.00 1.000    0    2
   1   64   74 48.00 1.000    0    2
   1   65   78 48.00 1.000    0    2
   1   66   77 48.00 1.000    0    2
   1   67   73 48.00 1.000    0    2
   1   68   95 48.00 0.951    0    2
   1   69   76 48.00 1.000    0    2
   1   70   77 48.00 1.000    0    2
   1   71   76 48.00 1.000    0    2
   1   72   75 48.00 1.000    0    2
   1   73   79 48.00 1.000    0    2
   1   74   73 48.00 1.000    0    2
   1   75   85 48.00 0.999    0    2
   1   76   75 48.00 1.000    0    2
   1   77   79 48.00 1.000    0    2
   1   78   81 48.00 0.999    0    2
   1   79   80 48.00 1.000    0    2
   1   80   87 39.00 0.251    0    2
   1   81   95 48.00 0.990    0    2
   1   82   95 48.00 0.965    0    2
   1   83   78 48.00 1.000    0    2
   1   84   78 48.00 1.000    0    2
   1   85   88 48.00 0.999    0    2
   1   86   92 48.00 0.996    0    2
   1   87   83 48.00 0.999    0    2
   1   88   71 48.00 1.000    0    2
   1   89   80 48.00 1.000    0    2
   1   90   69 48.00 1.000    0    2
   1   91   70 48.00 1.000    0    2
   1   92   89 48.00 0.995    0    2
   1   93   61 48.00 1.000    0    2
   1   94   73 48.00 1.000    0    2
   1   95  101 30.00 0.009    0    2
   1   96   79 48.00 1.000    0    2
   1   97   79 48.00 1.000    0    2
   1   98   80 48.00 1.000    0    2
   1   99   76 48.00 1.000    0    2
   1  100   85 48.00 0.999    0    2
   1    1   90 30.00 0.014    1    2
   1    2  104 48.00 0.939    1    2
   1    3  106 30.00 0.007    1    2
   1    4  127 30.00 0.000    1    2
   1    5  100 30.00 0.017    1    2
   1    6   90 42.00 0.399    1    2
   1    7   96 31.00 0.100    1    2
   1    8  102 30.00 0.005    1    2
   1    9   77 32.00 0.119    1    2
   1   10   91 36.00 0.184    1    2
   1   11   93 41.00 0.348    1    2
   1   12   89 31.00 0.101    1    2
   1   13   89 39.00 0.250    1    2
   1   14  106 30.00 0.005    1    2
   1   15   86 30.00 0.072    1    2
   1   16   85 37.00 0.197    1    2
   1   17  113 30.00 0.002    1    2
   1   18   89 30.00 0.076    1    2
   1   19   89 41.00 0.348    1    2
   1   20   80 35.00 0.173    1    2
   1   21   90 39.00 0.250    1    2
   1   22   92 32.00 0.126    1    2
   1   23   82 36.00 0.190    1    2
   1   24   94 38.00 0.226    1    2
   1   25   89 30.00 0.044    1    2
   1   26   87 35.00 0.172    1    2
   1   27   91 40.00 0.288    1    2
   1   28   96 38.00 0.244    1    2
   1   29  100 47.00 0.845    1    2
   1   30   90 32.00 0.114    1    2
   1   31   97 46.00 0.724    1    2
   1   32   80 32.00 0.125    1    2
   1   33   97 47.00 0.831    1    2
   1   34   82 31.00 0.096    1    2
   1   35   89 40.00 0.293    1    2
   1   36  100 42.00 0.401    1    2
   1   37   94 48.00 0.968    1    2
   1   38   82 33.00 0.135    1    2
   1   39   87 32.00 0.124    1    2
   1   40   86 33.00 0.141    1    2
   1   41  100 30.00 0.024    1    2
   1   42  117 30.00 0.001    1    2
   1   43  100 48.00 0.960    1    2
   1   44   83 32.00 0.125    1    2
   1   45   82 33.00 0.143    1    2
   1   46   99 48.00 0.948    1    2
   1   47   80 30.00 0.070    1    2
   1   48  137 30.00 0.000    1    2
   1   49   82 35.00 0.174    1    2
   1   50   99 47.00 0.847    1    2
   1   51   88 32.00 0.121    1    2
   1   52   86 33.00 0.143    1    2
   1   53   92 42.00 0.395    1    2
   1   54   94 43.00 0.436    1    2
   1   55   95 47.00 0.843    1    2
   1   56  102 47.00 0.861    1    2
   1   57   96 30.00 0.036    1    2
   1   58   92 33.00 0.131    1    2
   1   59   98 40.00 0.281    1    2
   1   60   80 34.00 0.151    1    2
   1   61   88 40.00 0.294    1    2
   1   62   89 39.00 0.246    1    2
   1   63   85 30.00 0.067    1    2
   1   64   89 48.00 0.988    1    2
   1   65   81 31.00 0.095    1    2
   1   66   94 42.00 0.383    1    2
   1   67   82 35.00 0.182    1    2
   1   68   89 30.00 0.028    1    2
   1   69   79 31.00 0.094    1    2
   1   70  100 30.00 0.021    1    2
   1   71   80 34.00 0.151    1    2
   1   72   81 33.00 0.143    1    2
   1   73   84 35.00 0.179    1    2
   1   74  101 30.00 0.011    1    2
   1   75   94 48.00 0.963    1    2
   1   76  101 45.00 0.583    1    2
   1   77   97 30.00 0.024    1    2
   1   78   93 48.00 0.968    1    2
   1   79   79 30.00 0.070    1    2
   1   80  102 47.00 0.844    1    2
   1   81   78 32.00 0.125    1    2
   1   82   97 30.00 0.027    1    2
   1   83  100 30.00 0.007    1    2
   1   84   82 35.00 0.166    1    2
   1   85   95 30.00 0.031    1    2
   1   86   85 32.00 0.117    1    2
   1   87   91 30.00 0.027    1    2
   1   88   87 39.00 0.254    1    2
   1   89   97 48.00 0.982    1    2
   1   90   86 32.00 0.118    1    2
   1   91   86 30.00 0.069    1    2
   1   92   84 34.00 0.170    1    2
   1   93   90 34.00 0.149    1    2
   1   94   87 30.00 0.054    1    2
   1   95   90 41.00 0.318    1    2
   1   96   90 48.00 0.987    1    2
   1   97   86 30.00 0.065    1    2
   1   98   82 30.00 0.074    1    2
   1   99   89 39.00 0.245    1    2
   1  100   92 30.00 0.062    1    2
