  simno it age mass belief env state
   1    1   76 48.00 1.000    0    2
   1    2   81 48.00 0.999    0    2
   1    3   94 48.00 0.993    0    2
   1    4   85 48.00 0.998    0    2
   1    5   81 48.00 1.000    0    2
   1    6   76 48.00 1.000    0    2
   1    7   84 48.00 0.999    0    2
   1    8   67 48.00 1.000    0    2
   1    9   66 48.00 1.000    0    2
   1   10   69 48.00 1.000    0    2
   1   11   79 48.00 1.000    0    2
   1   12   77 48.00 1.000    0    2
   1   13   77 48.00 1.000    0    2
   1   14   74 48.00 1.000    0    2
   1   15   67 48.00 1.000    0    2
   1   16   84 48.00 0.999    0    2
   1   17   78 48.00 1.000    0    2
   1   18   75 48.00 1.000    0    2
   1   19   75 48.00 1.000    0    2
   1   20   76 48.00 1.000    0    2
   1   21   69 48.00 1.000    0    2
   1   22   75 48.00 1.000    0    2
   1   23   71 48.00 1.000    0    2
   1   24   80 48.00 1.000    0    2
   1   25   88 48.00 0.998    0    2
   1   26   76 48.00 1.000    0    2
   1   27   74 48.00 1.000    0    2
   1   28   63 48.00 1.000    0    2
   1   29   75 48.00 1.000    0    2
   1   30   81 48.00 0.999    0    2
   1   31   75 48.00 1.000    0    2
   1   32   70 48.00 1.000    0    2
   1   33   76 48.00 1.000    0    2
   1   34   81 48.00 1.000    0    2
   1   35   74 48.00 1.000    0    2
   1   36   87 48.00 0.997    0    2
   1   37   68 48.00 1.000    0    2
   1   38   95 48.00 0.964    0    2
   1   39   67 48.00 1.000    0    2
   1   40   75 48.00 1.000    0    2
   1   41   83 48.00 0.999    0    2
   1   42   92 48.00 0.989    0    2
   1   43   83 48.00 0.999    0    2
   1   44   88 48.00 0.999    0    2
   1   45   84 48.00 0.999    0    2
   1   46   73 48.00 1.000    0    2
   1   47   68 48.00 1.000    0    2
   1   48   90 48.00 0.988    0    2
   1   49   90 48.00 0.983    0    2
   1   50   71 48.00 1.000    0    2
   1   51   67 48.00 1.000    0    2
   1   52   81 48.00 1.000    0    2
   1   53   76 48.00 1.000    0    2
   1   54   74 48.00 1.000    0    2
   1   55   66 48.00 1.000    0    2
   1   56   87 48.00 0.997    0    2
   1   57   85 48.00 0.997    0    2
   1   58  100 43.00 0.454    0    2
   1   59   72 48.00 1.000    0    2
   1   60   80 48.00 1.000    0    2
   1   61   71 48.00 1.000    0    2
   1   62   85 48.00 0.998    0    2
   1   63   69 48.00 1.000    0    2
   1   64   83 48.00 0.999    0    2
   1   65   80 48.00 1.000    0    2
   1   66   69 48.00 1.000    0    2
   1   67   66 48.00 1.000    0    2
   1   68   97 47.00 0.898    0    2
   1   69   66 48.00 1.000    0    2
   1   70   71 48.00 1.000    0    2
   1   71   79 48.00 1.000    0    2
   1   72   69 48.00 1.000    0    2
   1   73   85 48.00 0.998    0    2
   1   74   78 48.00 1.000    0    2
   1   75   83 48.00 1.000    0    2
   1   76   70 48.00 1.000    0    2
   1   77   80 48.00 1.000    0    2
   1   78   80 48.00 1.000    0    2
   1   79   78 48.00 1.000    0    2
   1   80   83 37.00 0.203    0    2
   1   81   98 48.00 0.952    0    2
   1   82   87 38.00 0.239    0    2
   1   83   78 48.00 1.000    0    2
   1   84   83 48.00 0.999    0    2
   1   85   99 47.00 0.897    0    2
   1   86   82 48.00 0.999    0    2
   1   87   80 48.00 1.000    0    2
   1   88   70 48.00 1.000    0    2
   1   89   73 48.00 1.000    0    2
   1   90   72 48.00 1.000    0    2
   1   91   72 48.00 1.000    0    2
   1   92   87 48.00 0.998    0    2
   1   93   62 48.00 1.000    0    2
   1   94   71 48.00 1.000    0    2
   1   95  104 30.00 0.005    0    2
   1   96   78 48.00 1.000    0    2
   1   97   81 48.00 1.000    0    2
   1   98   78 48.00 1.000    0    2
   1   99   70 48.00 1.000    0    2
   1  100   79 48.00 1.000    0    2
   1    1  103 30.00 0.001    1    2
   1    2  103 47.00 0.865    1    2
   1    3  101 30.00 0.014    1    2
   1    4  123 30.00 0.000    1    2
   1    5   93 30.00 0.014    1    2
   1    6   98 46.00 0.700    1    2
   1    7  101 30.00 0.012    1    2
   1    8   82 33.00 0.130    1    2
   1    9   88 38.00 0.224    1    2
   1   10   97 42.00 0.385    1    2
   1   11   85 35.00 0.165    1    2
   1   12   95 30.00 0.008    1    2
   1   13   91 48.00 0.986    1    2
   1   14   98 30.00 0.024    1    2
   1   15   78 30.00 0.064    1    2
   1   16   81 30.00 0.065    1    2
   1   17  107 30.00 0.005    1    2
   1   18  103 30.00 0.012    1    2
   1   19   98 43.00 0.438    1    2
   1   20   94 45.00 0.619    1    2
   1   21   84 36.00 0.184    1    2
   1   22   90 36.00 0.199    1    2
   1   23   96 45.00 0.614    1    2
   1   24   93 38.00 0.239    1    2
   1   25   99 47.00 0.859    1    2
   1   26   82 32.00 0.120    1    2
   1   27   81 35.00 0.188    1    2
   1   28   92 30.00 0.059    1    2
   1   29   97 45.00 0.619    1    2
   1   30   96 37.00 0.211    1    2
   1   31   94 48.00 0.970    1    2
   1   32   83 36.00 0.208    1    2
   1   33   90 42.00 0.380    1    2
   1   34   98 30.00 0.012    1    2
   1   35   86 39.00 0.249    1    2
   1   36   94 35.00 0.185    1    2
   1   37   99 45.00 0.598    1    2
   1   38   90 31.00 0.099    1    2
   1   39   84 31.00 0.097    1    2
   1   40   81 34.00 0.165    1    2
   1   41   97 30.00 0.047    1    2
   1   42  102 30.00 0.011    1    2
   1   43   94 47.00 0.876    1    2
   1   44   95 43.00 0.432    1    2
   1   45   88 34.00 0.150    1    2
   1   46   93 48.00 0.982    1    2
   1   47   76 31.00 0.097    1    2
   1   48  111 30.00 0.001    1    2
   1   49   95 48.00 0.964    1    2
   1   50   81 36.00 0.193    1    2
   1   51  116 30.00 0.001    1    2
   1   52   96 30.00 0.028    1    2
   1   53   98 46.00 0.733    1    2
   1   54   92 43.00 0.429    1    2
   1   55   94 46.00 0.721    1    2
   1   56   88 35.00 0.161    1    2
   1   57  106 30.00 0.003    1    2
   1   58   88 33.00 0.135    1    2
   1   59   98 38.00 0.258    1    2
   1   60   93 47.00 0.898    1    2
   1   61   83 37.00 0.200    1    2
   1   62   91 42.00 0.393    1    2
   1   63   86 37.00 0.203    1    2
   1   64   91 48.00 0.976    1    2
   1   65   78 32.00 0.120    1    2
   1   66   79 33.00 0.134    1    2
   1   67   88 40.00 0.285    1    2
   1   68   99 30.00 0.005    1    2
   1   69   78 30.00 0.072    1    2
   1   70   97 30.00 0.026    1    2
   1   71   81 34.00 0.162    1    2
   1   72   82 34.00 0.145    1    2
   1   73   81 33.00 0.131    1    2
   1   74   98 30.00 0.024    1    2
   1   75   90 42.00 0.372    1    2
   1   76   98 47.00 0.891    1    2
   1   77   95 30.00 0.027    1    2
   1   78   97 42.00 0.382    1    2
   1   79  123 30.00 0.000    1    2
   1   80   96 48.00 0.960    1    2
   1   81   82 30.00 0.069    1    2
   1   82   96 46.00 0.757    1    2
   1   83   78 34.00 0.148    1    2
   1   84   85 39.00 0.253    1    2
   1   85   88 30.00 0.074    1    2
   1   86   83 33.00 0.130    1    2
   1   87   81 31.00 0.097    1    2
   1   88   80 36.00 0.184    1    2
   1   89   95 46.00 0.732    1    2
   1   90   94 30.00 0.072    1    2
   1   91  104 30.00 0.010    1    2
   1   92   83 30.00 0.062    1    2
   1   93   92 41.00 0.318    1    2
   1   94   89 30.00 0.043    1    2
   1   95   86 40.00 0.301    1    2
   1   96   94 47.00 0.884    1    2
   1   97   93 48.00 0.951    1    2
   1   98   97 45.00 0.618    1    2
   1   99   87 30.00 0.052    1    2
   1  100  113 30.00 0.001    1    2
