  simno it age mass belief env state
   1    1  100 46.00 0.995    0    2
   1    2   85 33.00 0.079    0    2
   1    3  102 40.00 0.271    0    2
   1    4   94 46.00 0.999    0    2
   1    5   98 46.00 0.996    0    2
   1    6   89 46.00 1.000    0    2
   1    7   93 46.00 0.999    0    2
   1    8   94 46.00 0.999    0    2
   1    9   87 46.00 1.000    0    2
   1   10  107 44.00 0.633    0    2
   1   11  100 46.00 0.994    0    2
   1   12   97 46.00 0.999    0    2
   1   13   96 46.00 0.999    0    2
   1   14  102 46.00 0.968    0    2
   1   15   90 46.00 1.000    0    2
   1   16   91 46.00 1.000    0    2
   1   17   93 46.00 1.000    0    2
   1   18   92 46.00 1.000    0    2
   1   19   89 46.00 1.000    0    2
   1   20   88 46.00 1.000    0    2
   1   21  111 46.00 0.937    0    2
   1   22   96 46.00 0.999    0    2
   1   23   90 46.00 1.000    0    2
   1   24   96 46.00 0.999    0    2
   1   25   94 46.00 0.997    0    2
   1   26  103 46.00 0.993    0    2
   1   27  104 46.00 0.995    0    2
   1   28  110 46.00 0.948    0    2
   1   29  100 46.00 0.991    0    2
   1   30   98 46.00 0.999    0    2
   1   31  112 46.00 0.958    0    2
   1   32  105 46.00 0.978    0    2
   1   33   98 46.00 0.999    0    2
   1   34   88 46.00 0.998    0    2
   1   35   99 46.00 0.998    0    2
   1   36  100 46.00 0.995    0    2
   1   37   97 46.00 0.999    0    2
   1   38  100 46.00 0.998    0    2
   1   39   95 46.00 0.999    0    2
   1   40   75 46.00 1.000    0    2
   1   41  105 46.00 0.986    0    2
   1   42  107 46.00 0.989    0    2
   1   43   88 46.00 1.000    0    2
   1   44  106 46.00 0.988    0    2
   1   45  104 46.00 0.993    0    2
   1   46   92 46.00 1.000    0    2
   1   47   99 46.00 0.995    0    2
   1   48  100 46.00 0.994    0    2
   1   49  101 46.00 0.996    0    2
   1   50  103 46.00 0.990    0    2
   1   51  104 46.00 0.963    0    2
   1   52   92 46.00 1.000    0    2
   1   53  101 46.00 0.995    0    2
   1   54  106 46.00 0.992    0    2
   1   55  112 45.00 0.768    0    2
   1   56  106 46.00 0.979    0    2
   1   57   83 46.00 1.000    0    2
   1   58  108 46.00 0.950    0    2
   1   59   91 46.00 1.000    0    2
   1   60   93 46.00 0.999    0    2
   1   61  101 46.00 0.996    0    2
   1   62   92 46.00 1.000    0    2
   1   63   80 46.00 1.000    0    2
   1   64   92 46.00 1.000    0    2
   1   65   99 46.00 0.998    0    2
   1   66  102 46.00 0.993    0    2
   1   67   76 46.00 1.000    0    2
   1   68   90 46.00 1.000    0    2
   1   69   97 46.00 0.996    0    2
   1   70  105 46.00 0.979    0    2
   1   71  112 46.00 0.927    0    2
   1   72  109 43.00 0.497    0    2
   1   73   90 38.00 0.210    0    2
   1   74  107 46.00 0.992    0    2
   1   75   98 46.00 0.998    0    2
   1   76  104 46.00 0.991    0    2
   1   77  112 46.00 0.953    0    2
   1   78  104 46.00 0.944    0    2
   1   79  109 45.00 0.860    0    2
   1   80  114 46.00 0.941    0    2
   1   81   97 46.00 0.999    0    2
   1   82   99 46.00 0.998    0    2
   1   83  106 46.00 0.956    0    2
   1   84   97 46.00 0.999    0    2
   1   85   87 46.00 1.000    0    2
   1   86  104 46.00 0.995    0    2
   1   87  115 45.00 0.873    0    2
   1   88   87 46.00 1.000    0    2
   1   89  109 46.00 0.944    0    2
   1   90  108 46.00 0.965    0    2
   1   91  101 46.00 0.997    0    2
   1   92  111 46.00 0.977    0    2
   1   93   91 46.00 0.999    0    2
   1   94   89 46.00 1.000    0    2
   1   95   91 46.00 1.000    0    2
   1   96   81 46.00 1.000    0    2
   1   97  101 46.00 0.990    0    2
   1   98   97 46.00 0.999    0    2
   1   99  111 45.00 0.861    0    2
   1  100  100 46.00 0.998    0    2
   1    1   87 38.00 0.190    1    2
   1    2   84 32.00 0.007    1    2
   1    3  115 46.00 0.923    1    2
   1    4   79 33.00 0.068    1    2
   1    5   82 32.00 0.003    1    2
   1    6   83 32.00 0.037    1    2
   1    7   81 33.00 0.087    1    2
   1    8   87 32.00 0.026    1    2
   1    9   78 32.00 0.016    1    2
   1   10   77 33.00 0.068    1    2
   1   11  114 45.00 0.836    1    2
   1   12   87 32.00 0.000    1    2
   1   13   97 39.00 0.228    1    2
   1   14   78 32.00 0.034    1    2
   1   15  114 44.00 0.636    1    2
   1   16   79 32.00 0.011    1    2
   1   17   88 38.00 0.189    1    2
   1   18   96 41.00 0.324    1    2
   1   19   88 33.00 0.086    1    2
   1   20   89 33.00 0.069    1    2
   1   21   88 40.00 0.290    1    2
   1   22   82 35.00 0.131    1    2
   1   23   82 32.00 0.034    1    2
   1   24   91 32.00 0.007    1    2
   1   25  102 32.00 0.000    1    2
   1   26   82 32.00 0.002    1    2
   1   27  110 43.00 0.497    1    2
   1   28   88 33.00 0.077    1    2
   1   29   86 32.00 0.003    1    2
   1   30   98 39.00 0.243    1    2
   1   31   84 32.00 0.032    1    2
   1   32   91 33.00 0.082    1    2
   1   33  112 43.00 0.518    1    2
   1   34   86 32.00 0.002    1    2
   1   35  104 43.00 0.479    1    2
   1   36  103 44.00 0.625    1    2
   1   37  113 46.00 0.916    1    2
   1   38   92 40.00 0.278    1    2
   1   39   85 32.00 0.016    1    2
   1   40   75 33.00 0.088    1    2
   1   41   87 32.00 0.001    1    2
   1   42   85 32.00 0.001    1    2
   1   43   84 36.00 0.134    1    2
   1   44   89 39.00 0.223    1    2
   1   45   86 32.00 0.010    1    2
   1   46   79 32.00 0.019    1    2
   1   47   76 32.00 0.036    1    2
   1   48   84 32.00 0.002    1    2
   1   49   95 35.00 0.111    1    2
   1   50   84 37.00 0.161    1    2
   1   51   79 35.00 0.135    1    2
   1   52   86 35.00 0.137    1    2
   1   53   80 32.00 0.034    1    2
   1   54   78 34.00 0.102    1    2
   1   55   93 40.00 0.277    1    2
   1   56   97 40.00 0.270    1    2
   1   57  109 46.00 0.965    1    2
   1   58  115 44.00 0.644    1    2
   1   59   89 32.00 0.001    1    2
   1   60   96 37.00 0.177    1    2
   1   61   93 46.00 0.922    1    2
   1   62   77 32.00 0.025    1    2
   1   63   92 37.00 0.159    1    2
   1   64   87 38.00 0.216    1    2
   1   65  111 40.00 0.279    1    2
   1   66   95 40.00 0.277    1    2
   1   67   96 35.00 0.111    1    2
   1   68   83 35.00 0.112    1    2
   1   69  104 42.00 0.404    1    2
   1   70   97 41.00 0.320    1    2
   1   71   82 32.00 0.002    1    2
   1   72   78 32.00 0.034    1    2
   1   73   81 37.00 0.157    1    2
   1   74   84 35.00 0.113    1    2
   1   75   84 32.00 0.001    1    2
   1   76   91 32.00 0.000    1    2
   1   77   81 34.00 0.093    1    2
   1   78   80 36.00 0.153    1    2
   1   79  104 44.00 0.650    1    2
   1   80   91 36.00 0.135    1    2
   1   81   82 33.00 0.077    1    2
   1   82  105 45.00 0.838    1    2
   1   83   97 32.00 0.000    1    2
   1   84  117 44.00 0.649    1    2
   1   85   88 32.00 0.000    1    2
   1   86   87 32.00 0.000    1    2
   1   87   83 32.00 0.001    1    2
   1   88   86 34.00 0.101    1    2
   1   89   83 34.00 0.098    1    2
   1   90   78 33.00 0.072    1    2
   1   91   86 34.00 0.095    1    2
   1   92   83 35.00 0.114    1    2
   1   93   91 32.00 0.004    1    2
   1   94  103 39.00 0.249    1    2
   1   95   96 38.00 0.201    1    2
   1   96  111 46.00 0.952    1    2
   1   97   87 36.00 0.153    1    2
   1   98  112 45.00 0.871    1    2
   1   99   82 32.00 0.002    1    2
   1  100   91 35.00 0.127    1    2
