  simno it age mass belief env state
   1    1   91 46.00 0.635    0    2
   1    2   77 48.00 1.000    0    2
   1    3   82 39.00 0.179    0    2
   1    4   85 41.00 0.248    0    2
   1    5   88 48.00 0.978    0    2
   1    6   87 48.00 0.976    0    2
   1    7   85 48.00 0.990    0    2
   1    8   84 48.00 0.993    0    2
   1    9   86 48.00 0.988    0    2
   1   10   85 48.00 0.990    0    2
   1   11   86 48.00 0.985    0    2
   1   12   77 36.00 0.132    0    2
   1   13   91 47.00 0.781    0    2
   1   14   89 48.00 0.950    0    2
   1   15   91 47.00 0.788    0    2
   1   16   88 48.00 0.969    0    2
   1   17   90 48.00 0.926    0    2
   1   18   84 48.00 0.994    0    2
   1   19   88 48.00 0.965    0    2
   1   20   74 34.00 0.081    0    2
   1   21   90 48.00 0.933    0    2
   1   22   86 48.00 0.986    0    2
   1   23   73 33.00 0.059    0    2
   1   24   79 48.00 0.999    0    2
   1   25   90 48.00 0.921    0    2
   1   26   78 48.00 0.999    0    2
   1   27   87 48.00 0.976    0    2
   1   28   87 48.00 0.981    0    2
   1   29   90 48.00 0.924    0    2
   1   30   88 48.00 0.966    0    2
   1   31   82 48.00 0.997    0    2
   1   32   89 48.00 0.948    0    2
   1   33   76 32.00 0.008    0    2
   1   34   86 48.00 0.985    0    2
   1   35   83 48.00 0.997    0    2
   1   36   87 48.00 0.981    0    2
   1   37   90 47.00 0.838    0    2
   1   38   88 48.00 0.965    0    2
   1   39   79 48.00 0.999    0    2
   1   40   86 48.00 0.989    0    2
   1   41   86 42.00 0.316    0    2
   1   42   90 47.00 0.853    0    2
   1   43   89 48.00 0.951    0    2
   1   44   85 48.00 0.991    0    2
   1   45   81 48.00 0.998    0    2
   1   46   88 48.00 0.964    0    2
   1   47   85 48.00 0.992    0    2
   1   48   84 40.00 0.184    0    2
   1   49   73 33.00 0.058    0    2
   1   50   80 48.00 0.999    0    2
   1   51   83 48.00 0.996    0    2
   1   52   90 47.00 0.842    0    2
   1   53   90 48.00 0.939    0    2
   1   54   90 47.00 0.857    0    2
   1   55   83 48.00 0.996    0    2
   1   56   89 48.00 0.952    0    2
   1   57   73 33.00 0.057    0    2
   1   58   89 44.00 0.406    0    2
   1   59   87 48.00 0.978    0    2
   1   60   86 48.00 0.984    0    2
   1   61   73 32.00 0.026    0    2
   1   62   89 48.00 0.946    0    2
   1   63   73 33.00 0.056    0    2
   1   64   73 33.00 0.059    0    2
   1   65   87 48.00 0.978    0    2
   1   66   91 46.00 0.609    0    2
   1   67   90 48.00 0.926    0    2
   1   68   82 48.00 0.997    0    2
   1   69   73 32.00 0.027    0    2
   1   70   87 48.00 0.977    0    2
   1   71   89 48.00 0.949    0    2
   1   72   79 48.00 0.999    0    2
   1   73   79 48.00 0.999    0    2
   1   74   90 48.00 0.931    0    2
   1   75   89 48.00 0.960    0    2
   1   76   77 48.00 1.000    0    2
   1   77   89 48.00 0.951    0    2
   1   78   88 48.00 0.967    0    2
   1   79   79 48.00 0.999    0    2
   1   80   73 32.00 0.029    0    2
   1   81   80 32.00 0.002    0    2
   1   82   89 48.00 0.949    0    2
   1   83   89 48.00 0.952    0    2
   1   84   90 48.00 0.920    0    2
   1   85   91 48.00 0.911    0    2
   1   86   86 48.00 0.989    0    2
   1   87   77 48.00 1.000    0    2
   1   88   82 48.00 0.997    0    2
   1   89   89 48.00 0.950    0    2
   1   90   91 46.00 0.617    0    2
   1   91   90 47.00 0.851    0    2
   1   92   91 47.00 0.775    0    2
   1   93   88 48.00 0.975    0    2
   1   94   84 48.00 0.993    0    2
   1   95   85 41.00 0.229    0    2
   1   96   90 48.00 0.931    0    2
   1   97   85 48.00 0.990    0    2
   1   98   81 48.00 0.998    0    2
   1   99   88 48.00 0.975    0    2
   1  100   86 48.00 0.985    0    2
   1    1   88 32.00 0.000    1    2
   1    2   76 32.00 0.009    1    2
   1    3   77 32.00 0.007    1    2
   1    4   75 32.00 0.013    1    2
   1    5   77 32.00 0.006    1    2
   1    6  104 32.00 0.000    1    2
   1    7   92 32.00 0.000    1    2
   1    8   85 32.00 0.000    1    2
   1    9   87 42.00 0.260    1    2
   1   10   93 32.00 0.000    1    2
   1   11   93 32.00 0.000    1    2
   1   12   83 32.00 0.001    1    2
   1   13   94 32.00 0.000    1    2
   1   14   99 32.00 0.000    1    2
   1   15   88 32.00 0.000    1    2
   1   16   91 32.00 0.000    1    2
   1   17   74 32.00 0.019    1    2
   1   18  105 32.00 0.000    1    2
   1   19   79 32.00 0.003    1    2
   1   20   84 32.00 0.000    1    2
   1   21   94 32.00 0.000    1    2
   1   22   91 32.00 0.000    1    2
   1   23   94 32.00 0.000    1    2
   1   24   78 32.00 0.005    1    2
   1   25   89 32.00 0.000    1    2
   1   26   85 32.00 0.000    1    2
   1   27   89 32.00 0.000    1    2
   1   28   88 32.00 0.000    1    2
   1   29   94 32.00 0.000    1    2
   1   30   82 32.00 0.001    1    2
   1   31  106 32.00 0.000    1    2
   1   32  107 32.00 0.000    1    2
   1   33  101 32.00 0.000    1    2
   1   34   82 32.00 0.001    1    2
   1   35   88 32.00 0.000    1    2
   1   36   86 32.00 0.000    1    2
   1   37   78 32.00 0.005    1    2
   1   38   82 32.00 0.001    1    2
   1   39   99 32.00 0.000    1    2
   1   40   73 32.00 0.026    1    2
   1   41   73 32.00 0.029    1    2
   1   42   85 32.00 0.000    1    2
   1   43   94 32.00 0.000    1    2
   1   44   73 32.00 0.027    1    2
   1   45   75 32.00 0.012    1    2
   1   46  102 32.00 0.000    1    2
   1   47   90 32.00 0.000    1    2
   1   48   94 32.00 0.000    1    2
   1   49   80 32.00 0.002    1    2
   1   50   85 32.00 0.000    1    2
   1   51   85 32.00 0.000    1    2
   1   52   93 32.00 0.000    1    2
   1   53   94 32.00 0.000    1    2
   1   54   76 32.00 0.011    1    2
   1   55   95 32.00 0.000    1    2
   1   56   73 32.00 0.028    1    2
   1   57   90 47.00 0.844    1    2
   1   58   95 32.00 0.000    1    2
   1   59  103 32.00 0.000    1    2
   1   60   81 32.00 0.001    1    2
   1   61   93 32.00 0.000    1    2
   1   62   96 32.00 0.000    1    2
   1   63   87 32.00 0.000    1    2
   1   64   89 32.00 0.000    1    2
   1   65   95 32.00 0.000    1    2
   1   66   92 32.00 0.000    1    2
   1   67   73 32.00 0.027    1    2
   1   68  110 32.00 0.000    1    2
   1   69  102 32.00 0.000    1    2
   1   70   82 39.00 0.174    1    2
   1   71   97 32.00 0.000    1    2
   1   72   86 32.00 0.000    1    2
   1   73   90 32.00 0.000    1    2
   1   74   77 32.00 0.006    1    2
   1   75   82 32.00 0.001    1    2
   1   76   94 32.00 0.000    1    2
   1   77   87 32.00 0.000    1    2
   1   78   73 32.00 0.028    1    2
   1   79  100 32.00 0.000    1    2
   1   80  103 32.00 0.000    1    2
   1   81   74 32.00 0.020    1    2
   1   82   74 34.00 0.081    1    2
   1   83   96 32.00 0.000    1    2
   1   84   82 32.00 0.001    1    2
   1   85   81 32.00 0.001    1    2
   1   86   94 32.00 0.000    1    2
   1   87   89 32.00 0.000    1    2
   1   88   79 32.00 0.003    1    2
   1   89   80 32.00 0.002    1    2
   1   90   81 38.00 0.133    1    2
   1   91   84 32.00 0.001    1    2
   1   92   83 32.00 0.001    1    2
   1   93   89 32.00 0.000    1    2
   1   94  102 32.00 0.000    1    2
   1   95   93 32.00 0.000    1    2
   1   96   87 32.00 0.000    1    2
   1   97   85 32.00 0.000    1    2
   1   98   86 32.00 0.000    1    2
   1   99  104 32.00 0.000    1    2
   1  100   77 36.00 0.129    1    2
