  simno it age mass belief env state
   1    1   84 48.00 1.000    0    2
   1    2   78 48.00 1.000    0    2
   1    3   88 48.00 0.999    0    2
   1    4   70 48.00 1.000    0    2
   1    5   76 48.00 1.000    0    2
   1    6   80 48.00 1.000    0    2
   1    7   83 48.00 1.000    0    2
   1    8   71 48.00 1.000    0    2
   1    9   83 48.00 1.000    0    2
   1   10   87 48.00 0.999    0    2
   1   11   83 48.00 1.000    0    2
   1   12   75 48.00 1.000    0    2
   1   13   81 48.00 1.000    0    2
   1   14   78 48.00 1.000    0    2
   1   15   80 48.00 1.000    0    2
   1   16   82 48.00 1.000    0    2
   1   17   87 48.00 0.999    0    2
   1   18   72 48.00 1.000    0    2
   1   19   78 48.00 1.000    0    2
   1   20   93 48.00 0.995    0    2
   1   21   78 48.00 1.000    0    2
   1   22   74 48.00 1.000    0    2
   1   23   87 48.00 0.999    0    2
   1   24   75 48.00 1.000    0    2
   1   25   73 48.00 1.000    0    2
   1   26   86 48.00 1.000    0    2
   1   27   74 48.00 1.000    0    2
   1   28   83 48.00 1.000    0    2
   1   29   75 48.00 1.000    0    2
   1   30   79 48.00 1.000    0    2
   1   31   72 48.00 1.000    0    2
   1   32   72 48.00 1.000    0    2
   1   33   88 48.00 0.999    0    2
   1   34   81 48.00 1.000    0    2
   1   35   86 48.00 1.000    0    2
   1   36   69 48.00 1.000    0    2
   1   37   73 48.00 1.000    0    2
   1   38   79 48.00 1.000    0    2
   1   39   85 48.00 1.000    0    2
   1   40   97 48.00 0.976    0    2
   1   41   83 48.00 1.000    0    2
   1   42   86 48.00 1.000    0    2
   1   43   85 48.00 1.000    0    2
   1   44   88 48.00 0.999    0    2
   1   45   79 48.00 1.000    0    2
   1   46   90 48.00 0.998    0    2
   1   47   93 48.00 0.994    0    2
   1   48   76 48.00 1.000    0    2
   1   49   79 48.00 1.000    0    2
   1   50   93 48.00 0.994    0    2
   1   51   83 48.00 1.000    0    2
   1   52   94 48.00 0.991    0    2
   1   53   74 48.00 1.000    0    2
   1   54   75 48.00 1.000    0    2
   1   55   71 48.00 1.000    0    2
   1   56   79 48.00 1.000    0    2
   1   57   68 48.00 1.000    0    2
   1   58   87 48.00 0.999    0    2
   1   59   84 48.00 1.000    0    2
   1   60   74 48.00 1.000    0    2
   1   61   86 48.00 1.000    0    2
   1   62   94 48.00 0.991    0    2
   1   63   93 48.00 0.994    0    2
   1   64   70 48.00 1.000    0    2
   1   65   75 48.00 1.000    0    2
   1   66   85 48.00 1.000    0    2
   1   67   73 48.00 1.000    0    2
   1   68   76 48.00 1.000    0    2
   1   69   67 48.00 1.000    0    2
   1   70   83 48.00 1.000    0    2
   1   71   82 48.00 1.000    0    2
   1   72   81 48.00 1.000    0    2
   1   73   79 48.00 1.000    0    2
   1   74   77 48.00 1.000    0    2
   1   75  100 47.00 0.853    0    2
   1   76   90 48.00 0.998    0    2
   1   77   85 48.00 1.000    0    2
   1   78   79 48.00 1.000    0    2
   1   79   79 48.00 1.000    0    2
   1   80   73 48.00 1.000    0    2
   1   81   84 48.00 1.000    0    2
   1   82   89 48.00 0.999    0    2
   1   83   86 48.00 1.000    0    2
   1   84   85 48.00 1.000    0    2
   1   85   72 48.00 1.000    0    2
   1   86   88 48.00 0.999    0    2
   1   87   81 48.00 1.000    0    2
   1   88   80 48.00 1.000    0    2
   1   89   83 48.00 1.000    0    2
   1   90   86 48.00 0.999    0    2
   1   91   78 48.00 1.000    0    2
   1   92   80 48.00 1.000    0    2
   1   93   90 48.00 0.998    0    2
   1   94   89 48.00 0.999    0    2
   1   95   96 48.00 0.983    0    2
   1   96   90 48.00 0.998    0    2
   1   97   84 48.00 1.000    0    2
   1   98   84 48.00 1.000    0    2
   1   99   79 48.00 1.000    0    2
   1  100   72 48.00 1.000    0    2
   1    1   91 30.00 0.048    1    2
   1    2   88 30.00 0.031    1    2
   1    3   95 34.00 0.150    1    2
   1    4   85 30.00 0.076    1    2
   1    5  112 30.00 0.002    1    2
   1    6   92 40.00 0.300    1    2
   1    7  102 30.00 0.003    1    2
   1    8   96 30.00 0.040    1    2
   1    9  102 30.00 0.027    1    2
   1   10   92 40.00 0.289    1    2
   1   11   83 33.00 0.130    1    2
   1   12   99 47.00 0.886    1    2
   1   13   91 48.00 0.997    1    2
   1   14   87 30.00 0.018    1    2
   1   15   77 31.00 0.101    1    2
   1   16  102 30.00 0.019    1    2
   1   17   79 32.00 0.117    1    2
   1   18   79 32.00 0.119    1    2
   1   19  101 46.00 0.701    1    2
   1   20  100 45.00 0.618    1    2
   1   21  111 30.00 0.003    1    2
   1   22  110 30.00 0.001    1    2
   1   23   96 32.00 0.118    1    2
   1   24   92 30.00 0.021    1    2
   1   25   87 36.00 0.202    1    2
   1   26   96 33.00 0.130    1    2
   1   27   91 39.00 0.244    1    2
   1   28   83 30.00 0.072    1    2
   1   29   95 30.00 0.006    1    2
   1   30   89 30.00 0.056    1    2
   1   31   89 37.00 0.197    1    2
   1   32   89 36.00 0.184    1    2
   1   33   96 41.00 0.319    1    2
   1   34  100 47.00 0.850    1    2
   1   35   94 30.00 0.021    1    2
   1   36   87 30.00 0.074    1    2
   1   37   88 30.00 0.022    1    2
   1   38   99 48.00 0.957    1    2
   1   39   95 30.00 0.032    1    2
   1   40  100 47.00 0.846    1    2
   1   41  118 30.00 0.001    1    2
   1   42   98 39.00 0.287    1    2
   1   43  100 44.00 0.522    1    2
   1   44   85 30.00 0.044    1    2
   1   45   92 40.00 0.277    1    2
   1   46  110 30.00 0.003    1    2
   1   47  102 30.00 0.008    1    2
   1   48   82 31.00 0.097    1    2
   1   49  105 30.00 0.005    1    2
   1   50  121 30.00 0.000    1    2
   1   51   98 48.00 0.963    1    2
   1   52   78 32.00 0.124    1    2
   1   53   84 33.00 0.130    1    2
   1   54   94 41.00 0.318    1    2
   1   55   83 30.00 0.046    1    2
   1   56  103 45.00 0.611    1    2
   1   57  129 30.00 0.000    1    2
   1   58   85 30.00 0.069    1    2
   1   59   97 48.00 0.979    1    2
   1   60   98 48.00 0.961    1    2
   1   61  100 47.00 0.849    1    2
   1   62   94 30.00 0.014    1    2
   1   63  114 30.00 0.001    1    2
   1   64   97 30.00 0.024    1    2
   1   65   99 47.00 0.892    1    2
   1   66   99 48.00 0.952    1    2
   1   67   88 37.00 0.226    1    2
   1   68  107 30.00 0.003    1    2
   1   69   85 30.00 0.062    1    2
   1   70  102 44.00 0.513    1    2
   1   71   83 30.00 0.071    1    2
   1   72   93 41.00 0.326    1    2
   1   73  104 30.00 0.008    1    2
   1   74   90 30.00 0.016    1    2
   1   75   85 36.00 0.184    1    2
   1   76   99 48.00 0.946    1    2
   1   77   95 30.00 0.010    1    2
   1   78  112 30.00 0.001    1    2
   1   79   87 33.00 0.133    1    2
   1   80   92 30.00 0.066    1    2
   1   81  101 47.00 0.885    1    2
   1   82  107 30.00 0.006    1    2
   1   83   95 30.00 0.025    1    2
   1   84   99 47.00 0.888    1    2
   1   85   88 30.00 0.024    1    2
   1   86   92 48.00 0.996    1    2
   1   87   90 30.00 0.068    1    2
   1   88  105 30.00 0.003    1    2
   1   89   91 36.00 0.180    1    2
   1   90   78 31.00 0.095    1    2
   1   91   88 30.00 0.023    1    2
   1   92   82 31.00 0.095    1    2
   1   93   99 45.00 0.616    1    2
   1   94  106 30.00 0.009    1    2
   1   95   82 30.00 0.067    1    2
   1   96   85 32.00 0.113    1    2
   1   97  100 46.00 0.716    1    2
   1   98  106 46.00 0.711    1    2
   1   99   84 32.00 0.114    1    2
   1  100   87 30.00 0.039    1    2
