  simno it age mass belief env state
   1    1   93 43.00 0.481    0    2
   1    2   79 32.00 0.029    0    2
   1    3   86 35.00 0.139    0    2
   1    4   91 45.00 0.834    0    2
   1    5   97 46.00 0.926    0    2
   1    6  104 46.00 0.995    0    2
   1    7   96 46.00 0.998    0    2
   1    8  100 46.00 0.982    0    2
   1    9   96 46.00 0.999    0    2
   1   10   79 32.00 0.015    0    2
   1   11   78 32.00 0.018    0    2
   1   12   91 46.00 0.999    0    2
   1   13   96 46.00 0.998    0    2
   1   14   81 32.00 0.015    0    2
   1   15   96 46.00 0.960    0    2
   1   16  108 46.00 0.981    0    2
   1   17  107 45.00 0.851    0    2
   1   18   96 44.00 0.658    0    2
   1   19  101 46.00 0.995    0    2
   1   20   97 46.00 0.973    0    2
   1   21   98 38.00 0.200    0    2
   1   22  110 46.00 0.926    0    2
   1   23  103 46.00 0.961    0    2
   1   24  104 46.00 0.987    0    2
   1   25   89 46.00 0.948    0    2
   1   26  100 46.00 0.975    0    2
   1   27  108 46.00 0.962    0    2
   1   28   86 36.00 0.134    0    2
   1   29   95 44.00 0.624    0    2
   1   30  103 46.00 0.990    0    2
   1   31  111 45.00 0.843    0    2
   1   32   86 36.00 0.153    0    2
   1   33   79 32.00 0.014    0    2
   1   34   75 32.00 0.038    0    2
   1   35   95 45.00 0.856    0    2
   1   36  104 46.00 0.957    0    2
   1   37  102 46.00 0.995    0    2
   1   38  105 46.00 0.974    0    2
   1   39   92 42.00 0.408    0    2
   1   40   80 32.00 0.007    0    2
   1   41  111 46.00 0.970    0    2
   1   42   76 33.00 0.067    0    2
   1   43   91 43.00 0.515    0    2
   1   44  105 43.00 0.494    0    2
   1   45  107 46.00 0.980    0    2
   1   46  103 46.00 0.926    0    2
   1   47   98 46.00 0.998    0    2
   1   48  112 46.00 0.959    0    2
   1   49   99 46.00 0.999    0    2
   1   50   95 39.00 0.247    0    2
   1   51   77 34.00 0.107    0    2
   1   52  106 46.00 0.982    0    2
   1   53  108 46.00 0.979    0    2
   1   54   77 32.00 0.012    0    2
   1   55   90 46.00 1.000    0    2
   1   56  102 46.00 0.960    0    2
   1   57   75 33.00 0.078    0    2
   1   58  102 45.00 0.856    0    2
   1   59   89 46.00 1.000    0    2
   1   60   78 33.00 0.084    0    2
   1   61  101 46.00 0.917    0    2
   1   62  115 45.00 0.820    0    2
   1   63   97 44.00 0.629    0    2
   1   64   89 46.00 0.982    0    2
   1   65   96 46.00 0.992    0    2
   1   66  116 44.00 0.657    0    2
   1   67   97 46.00 0.993    0    2
   1   68  100 46.00 0.941    0    2
   1   69  103 44.00 0.647    0    2
   1   70  104 43.00 0.513    0    2
   1   71   97 45.00 0.826    0    2
   1   72   75 32.00 0.030    0    2
   1   73  104 46.00 0.992    0    2
   1   74   92 45.00 0.864    0    2
   1   75   75 33.00 0.079    0    2
   1   76   91 39.00 0.236    0    2
   1   77  106 46.00 0.991    0    2
   1   78   77 32.00 0.032    0    2
   1   79   96 45.00 0.799    0    2
   1   80   80 35.00 0.110    0    2
   1   81  110 43.00 0.499    0    2
   1   82  108 46.00 0.989    0    2
   1   83  106 46.00 0.990    0    2
   1   84  101 46.00 0.944    0    2
   1   85   85 39.00 0.222    0    2
   1   86  103 46.00 0.948    0    2
   1   87   92 46.00 0.986    0    2
   1   88   96 46.00 0.994    0    2
   1   89  111 46.00 0.965    0    2
   1   90   96 46.00 0.997    0    2
   1   91   78 32.00 0.020    0    2
   1   92  112 46.00 0.949    0    2
   1   93   98 46.00 0.990    0    2
   1   94   95 42.00 0.410    0    2
   1   95  106 45.00 0.867    0    2
   1   96   93 46.00 0.961    0    2
   1   97   95 46.00 0.966    0    2
   1   98   93 46.00 0.934    0    2
   1   99   95 45.00 0.874    0    2
   1  100  108 46.00 0.949    0    2
   1    1   96 32.00 0.000    1    2
   1    2   89 32.00 0.000    1    2
   1    3   98 32.00 0.000    1    2
   1    4   90 32.00 0.000    1    2
   1    5   85 32.00 0.001    1    2
   1    6  100 32.00 0.000    1    2
   1    7  107 32.00 0.000    1    2
   1    8  105 32.00 0.000    1    2
   1    9   99 32.00 0.000    1    2
   1   10  101 32.00 0.000    1    2
   1   11   93 32.00 0.000    1    2
   1   12   87 32.00 0.001    1    2
   1   13   87 32.00 0.001    1    2
   1   14   97 32.00 0.000    1    2
   1   15   92 32.00 0.000    1    2
   1   16   99 32.00 0.000    1    2
   1   17   78 32.00 0.011    1    2
   1   18   93 32.00 0.000    1    2
   1   19   96 32.00 0.000    1    2
   1   20   83 33.00 0.078    1    2
   1   21  126 32.00 0.000    1    2
   1   22  101 32.00 0.000    1    2
   1   23   85 32.00 0.003    1    2
   1   24  102 32.00 0.000    1    2
   1   25  110 32.00 0.000    1    2
   1   26   88 32.00 0.000    1    2
   1   27   91 32.00 0.000    1    2
   1   28   86 32.00 0.002    1    2
   1   29   82 32.00 0.002    1    2
   1   30   95 42.00 0.407    1    2
   1   31   83 32.00 0.002    1    2
   1   32   99 32.00 0.000    1    2
   1   33   84 32.00 0.001    1    2
   1   34  106 32.00 0.000    1    2
   1   35   88 32.00 0.000    1    2
   1   36  100 32.00 0.000    1    2
   1   37   94 32.00 0.000    1    2
   1   38   87 32.00 0.001    1    2
   1   39  100 32.00 0.000    1    2
   1   40   84 33.00 0.081    1    2
   1   41   86 32.00 0.000    1    2
   1   42   76 32.00 0.029    1    2
   1   43  107 32.00 0.000    1    2
   1   44   95 32.00 0.000    1    2
   1   45  101 32.00 0.000    1    2
   1   46   79 32.00 0.008    1    2
   1   47   87 32.00 0.001    1    2
   1   48   84 37.00 0.185    1    2
   1   49   96 32.00 0.000    1    2
   1   50   89 32.00 0.000    1    2
   1   51  104 32.00 0.000    1    2
   1   52   84 32.00 0.003    1    2
   1   53   81 32.00 0.004    1    2
   1   54   97 32.00 0.000    1    2
   1   55   96 32.00 0.000    1    2
   1   56   81 32.00 0.003    1    2
   1   57   83 32.00 0.002    1    2
   1   58   77 32.00 0.024    1    2
   1   59  102 32.00 0.000    1    2
   1   60   85 32.00 0.001    1    2
   1   61  104 32.00 0.000    1    2
   1   62   95 32.00 0.000    1    2
   1   63   97 32.00 0.000    1    2
   1   64  100 32.00 0.000    1    2
   1   65   90 32.00 0.000    1    2
   1   66   95 32.00 0.000    1    2
   1   67   91 32.00 0.000    1    2
   1   68  107 32.00 0.000    1    2
   1   69  100 32.00 0.000    1    2
   1   70  103 32.00 0.000    1    2
   1   71   87 32.00 0.004    1    2
   1   72   89 32.00 0.000    1    2
   1   73   96 32.00 0.000    1    2
   1   74   95 32.00 0.000    1    2
   1   75  101 32.00 0.000    1    2
   1   76  115 32.00 0.000    1    2
   1   77  106 32.00 0.000    1    2
   1   78   81 32.00 0.037    1    2
   1   79   99 37.00 0.179    1    2
   1   80  102 44.00 0.662    1    2
   1   81   92 39.00 0.225    1    2
   1   82   83 32.00 0.003    1    2
   1   83  109 32.00 0.000    1    2
   1   84  104 32.00 0.000    1    2
   1   85   99 32.00 0.000    1    2
   1   86   95 32.00 0.000    1    2
   1   87   85 32.00 0.002    1    2
   1   88   91 32.00 0.000    1    2
   1   89   87 32.00 0.000    1    2
   1   90   83 32.00 0.002    1    2
   1   91   88 32.00 0.000    1    2
   1   92   91 32.00 0.000    1    2
   1   93  109 32.00 0.000    1    2
   1   94   82 32.00 0.003    1    2
   1   95   89 32.00 0.003    1    2
   1   96   91 32.00 0.000    1    2
   1   97   76 33.00 0.068    1    2
   1   98   94 32.00 0.000    1    2
   1   99   79 32.00 0.010    1    2
   1  100   88 32.00 0.000    1    2
