  simno it age mass belief env state
   1    1   83 48.00 0.995    0    2
   1    2   85 48.00 0.991    0    2
   1    3   74 48.00 1.000    0    2
   1    4   74 48.00 1.000    0    2
   1    5   91 46.00 0.612    0    2
   1    6   84 48.00 0.994    0    2
   1    7   79 48.00 0.999    0    2
   1    8   76 48.00 1.000    0    2
   1    9   68 48.00 1.000    0    2
   1   10   71 48.00 1.000    0    2
   1   11   82 48.00 0.998    0    2
   1   12   73 48.00 1.000    0    2
   1   13   70 48.00 1.000    0    2
   1   14   72 48.00 1.000    0    2
   1   15   76 48.00 1.000    0    2
   1   16   66 48.00 1.000    0    2
   1   17   77 48.00 1.000    0    2
   1   18   67 48.00 1.000    0    2
   1   19   70 48.00 1.000    0    2
   1   20   68 48.00 1.000    0    2
   1   21   77 48.00 1.000    0    2
   1   22   68 48.00 1.000    0    2
   1   23   65 48.00 1.000    0    2
   1   24   63 48.00 1.000    0    2
   1   25   64 48.00 1.000    0    2
   1   26   70 48.00 1.000    0    2
   1   27   77 48.00 1.000    0    2
   1   28   83 48.00 0.996    0    2
   1   29   86 48.00 0.988    0    2
   1   30   74 48.00 1.000    0    2
   1   31   79 48.00 0.999    0    2
   1   32   73 48.00 1.000    0    2
   1   33   75 48.00 1.000    0    2
   1   34   73 48.00 1.000    0    2
   1   35   80 48.00 0.999    0    2
   1   36   75 48.00 1.000    0    2
   1   37   81 48.00 0.998    0    2
   1   38   79 48.00 0.999    0    2
   1   39   75 48.00 1.000    0    2
   1   40   76 48.00 1.000    0    2
   1   41   77 48.00 1.000    0    2
   1   42   70 48.00 1.000    0    2
   1   43   76 48.00 1.000    0    2
   1   44   78 48.00 1.000    0    2
   1   45   89 44.00 0.405    0    2
   1   46   69 48.00 1.000    0    2
   1   47   79 48.00 0.999    0    2
   1   48   73 48.00 1.000    0    2
   1   49   70 48.00 1.000    0    2
   1   50   82 48.00 0.997    0    2
   1   51   77 48.00 1.000    0    2
   1   52   71 48.00 1.000    0    2
   1   53   82 48.00 0.998    0    2
   1   54   75 48.00 1.000    0    2
   1   55   78 48.00 1.000    0    2
   1   56   83 48.00 0.997    0    2
   1   57   76 48.00 1.000    0    2
   1   58   81 48.00 0.998    0    2
   1   59   65 48.00 1.000    0    2
   1   60   77 48.00 1.000    0    2
   1   61   66 48.00 1.000    0    2
   1   62   68 48.00 1.000    0    2
   1   63   79 48.00 0.999    0    2
   1   64   76 48.00 1.000    0    2
   1   65   79 48.00 0.999    0    2
   1   66   70 48.00 1.000    0    2
   1   67   76 48.00 1.000    0    2
   1   68   62 48.00 1.000    0    2
   1   69   86 48.00 0.985    0    2
   1   70   72 48.00 1.000    0    2
   1   71   73 48.00 1.000    0    2
   1   72   72 48.00 1.000    0    2
   1   73   76 48.00 1.000    0    2
   1   74   79 48.00 0.999    0    2
   1   75   79 48.00 0.999    0    2
   1   76   75 48.00 1.000    0    2
   1   77   78 48.00 0.999    0    2
   1   78   67 48.00 1.000    0    2
   1   79   86 48.00 0.986    0    2
   1   80   76 48.00 1.000    0    2
   1   81   80 48.00 0.999    0    2
   1   82   77 48.00 1.000    0    2
   1   83   67 48.00 1.000    0    2
   1   84   71 48.00 1.000    0    2
   1   85   76 48.00 1.000    0    2
   1   86   61 48.00 1.000    0    2
   1   87   73 48.00 1.000    0    2
   1   88   90 48.00 0.920    0    2
   1   89   74 48.00 1.000    0    2
   1   90   75 48.00 1.000    0    2
   1   91   73 48.00 1.000    0    2
   1   92   70 48.00 1.000    0    2
   1   93   73 48.00 1.000    0    2
   1   94   76 48.00 1.000    0    2
   1   95   65 48.00 1.000    0    2
   1   96   90 47.00 0.842    0    2
   1   97   73 48.00 1.000    0    2
   1   98   69 48.00 1.000    0    2
   1   99   83 48.00 0.997    0    2
   1  100   76 48.00 1.000    0    2
   1    1   85 41.00 0.247    1    2
   1    2   77 36.00 0.117    1    2
   1    3   88 43.00 0.329    1    2
   1    4   73 33.00 0.059    1    2
   1    5   76 35.00 0.082    1    2
   1    6   79 37.00 0.117    1    2
   1    7   84 48.00 0.995    1    2
   1    8   84 48.00 0.993    1    2
   1    9   74 32.00 0.023    1    2
   1   10   80 38.00 0.172    1    2
   1   11   90 47.00 0.840    1    2
   1   12   73 33.00 0.063    1    2
   1   13   76 35.00 0.082    1    2
   1   14   89 48.00 0.947    1    2
   1   15   80 38.00 0.168    1    2
   1   16   84 40.00 0.173    1    2
   1   17   77 36.00 0.117    1    2
   1   18   82 48.00 0.997    1    2
   1   19   87 32.00 0.000    1    2
   1   20   88 48.00 0.967    1    2
   1   21   79 37.00 0.118    1    2
   1   22   91 47.00 0.788    1    2
   1   23   73 33.00 0.056    1    2
   1   24   80 38.00 0.168    1    2
   1   25   74 32.00 0.021    1    2
   1   26   85 48.00 0.990    1    2
   1   27   80 38.00 0.168    1    2
   1   28   91 46.00 0.606    1    2
   1   29   73 33.00 0.066    1    2
   1   30   76 35.00 0.082    1    2
   1   31   73 33.00 0.056    1    2
   1   32   76 35.00 0.084    1    2
   1   33   81 32.00 0.002    1    2
   1   34   73 33.00 0.060    1    2
   1   35   73 33.00 0.056    1    2
   1   36   87 42.00 0.242    1    2
   1   37   84 32.00 0.001    1    2
   1   38   81 32.00 0.002    1    2
   1   39   77 36.00 0.122    1    2
   1   40   73 32.00 0.029    1    2
   1   41   90 45.00 0.502    1    2
   1   42   73 33.00 0.063    1    2
   1   43   83 32.00 0.001    1    2
   1   44   91 47.00 0.772    1    2
   1   45   95 32.00 0.000    1    2
   1   46   73 33.00 0.056    1    2
   1   47   86 41.00 0.201    1    2
   1   48   76 32.00 0.013    1    2
   1   49   85 32.00 0.000    1    2
   1   50   73 33.00 0.060    1    2
   1   51   91 46.00 0.637    1    2
   1   52   73 33.00 0.058    1    2
   1   53   73 33.00 0.064    1    2
   1   54   77 36.00 0.122    1    2
   1   55   86 32.00 0.000    1    2
   1   56   82 32.00 0.001    1    2
   1   57   73 33.00 0.059    1    2
   1   58   86 42.00 0.314    1    2
   1   59   77 32.00 0.006    1    2
   1   60   75 34.00 0.066    1    2
   1   61   73 32.00 0.027    1    2
   1   62   90 47.00 0.851    1    2
   1   63   93 32.00 0.000    1    2
   1   64   88 48.00 0.967    1    2
   1   65   77 32.00 0.006    1    2
   1   66   87 42.00 0.241    1    2
   1   67   82 39.00 0.166    1    2
   1   68   76 35.00 0.082    1    2
   1   69   86 42.00 0.311    1    2
   1   70   73 32.00 0.030    1    2
   1   71   84 40.00 0.177    1    2
   1   72   73 33.00 0.057    1    2
   1   73   73 32.00 0.026    1    2
   1   74   91 47.00 0.813    1    2
   1   75   80 38.00 0.168    1    2
   1   76   80 38.00 0.171    1    2
   1   77   85 32.00 0.000    1    2
   1   78   80 38.00 0.168    1    2
   1   79   85 41.00 0.243    1    2
   1   80   73 33.00 0.063    1    2
   1   81   82 39.00 0.165    1    2
   1   82   91 47.00 0.804    1    2
   1   83   79 37.00 0.117    1    2
   1   84   75 32.00 0.012    1    2
   1   85   74 34.00 0.088    1    2
   1   86   76 35.00 0.085    1    2
   1   87   90 47.00 0.837    1    2
   1   88   88 43.00 0.311    1    2
   1   89   92 32.00 0.000    1    2
   1   90   88 43.00 0.324    1    2
   1   91   83 32.00 0.001    1    2
   1   92   78 32.00 0.004    1    2
   1   93   86 42.00 0.310    1    2
   1   94   77 36.00 0.123    1    2
   1   95   74 34.00 0.090    1    2
   1   96   77 36.00 0.124    1    2
   1   97   74 34.00 0.081    1    2
   1   98   82 32.00 0.001    1    2
   1   99   85 48.00 0.990    1    2
   1  100   83 40.00 0.231    1    2
