  simno it age mass belief env state
   1    1   90 48.00 0.920    0    2
   1    2   89 44.00 0.436    0    2
   1    3   82 48.00 0.997    0    2
   1    4   88 48.00 0.964    0    2
   1    5   74 32.00 0.021    0    2
   1    6   88 48.00 0.963    0    2
   1    7   86 48.00 0.984    0    2
   1    8   74 34.00 0.088    0    2
   1    9   87 48.00 0.985    0    2
   1   10   82 48.00 0.998    0    2
   1   11   80 38.00 0.172    0    2
   1   12   82 39.00 0.186    0    2
   1   13   87 48.00 0.984    0    2
   1   14   90 48.00 0.921    0    2
   1   15   86 48.00 0.989    0    2
   1   16   83 48.00 0.996    0    2
   1   17   84 48.00 0.994    0    2
   1   18   84 48.00 0.995    0    2
   1   19   79 48.00 0.999    0    2
   1   20   86 48.00 0.989    0    2
   1   21   84 48.00 0.995    0    2
   1   22   85 48.00 0.992    0    2
   1   23   87 48.00 0.979    0    2
   1   24   82 48.00 0.998    0    2
   1   25   89 48.00 0.949    0    2
   1   26   90 48.00 0.925    0    2
   1   27   91 47.00 0.800    0    2
   1   28   80 48.00 0.999    0    2
   1   29   82 48.00 0.997    0    2
   1   30   90 48.00 0.953    0    2
   1   31   91 46.00 0.664    0    2
   1   32   88 48.00 0.973    0    2
   1   33   90 47.00 0.848    0    2
   1   34   80 48.00 0.999    0    2
   1   35   76 35.00 0.083    0    2
   1   36   87 48.00 0.983    0    2
   1   37   85 41.00 0.229    0    2
   1   38   86 48.00 0.988    0    2
   1   39   79 32.00 0.003    0    2
   1   40   80 48.00 0.999    0    2
   1   41   82 39.00 0.177    0    2
   1   42   78 48.00 1.000    0    2
   1   43   86 42.00 0.315    0    2
   1   44   74 32.00 0.018    0    2
   1   45   87 48.00 0.978    0    2
   1   46   77 48.00 1.000    0    2
   1   47   89 48.00 0.960    0    2
   1   48   85 48.00 0.993    0    2
   1   49   85 48.00 0.993    0    2
   1   50   91 48.00 0.931    0    2
   1   51   88 43.00 0.342    0    2
   1   52   90 47.00 0.844    0    2
   1   53   79 48.00 0.999    0    2
   1   54   80 38.00 0.173    0    2
   1   55   82 48.00 0.998    0    2
   1   56   84 48.00 0.995    0    2
   1   57   88 48.00 0.966    0    2
   1   58   89 48.00 0.958    0    2
   1   59   84 48.00 0.995    0    2
   1   60   78 48.00 1.000    0    2
   1   61   81 32.00 0.001    0    2
   1   62   90 47.00 0.847    0    2
   1   63   87 48.00 0.984    0    2
   1   64   80 48.00 0.999    0    2
   1   65   88 48.00 0.974    0    2
   1   66   77 36.00 0.119    0    2
   1   67   88 43.00 0.309    0    2
   1   68   91 47.00 0.793    0    2
   1   69   91 47.00 0.800    0    2
   1   70   88 48.00 0.978    0    2
   1   71   87 48.00 0.982    0    2
   1   72   92 47.00 0.766    0    2
   1   73   73 33.00 0.066    0    2
   1   74   83 48.00 0.996    0    2
   1   75   88 43.00 0.324    0    2
   1   76   67 48.00 1.000    0    2
   1   77   81 48.00 0.999    0    2
   1   78   74 32.00 0.018    0    2
   1   79   91 47.00 0.815    0    2
   1   80   90 47.00 0.847    0    2
   1   81   83 48.00 0.996    0    2
   1   82   90 48.00 0.948    0    2
   1   83   89 48.00 0.947    0    2
   1   84   79 48.00 0.999    0    2
   1   85   89 48.00 0.951    0    2
   1   86   90 48.00 0.947    0    2
   1   87   81 48.00 0.999    0    2
   1   88   85 41.00 0.245    0    2
   1   89   85 48.00 0.992    0    2
   1   90   84 48.00 0.993    0    2
   1   91   90 47.00 0.855    0    2
   1   92   83 48.00 0.997    0    2
   1   93   82 48.00 0.997    0    2
   1   94   91 47.00 0.786    0    2
   1   95   81 48.00 0.999    0    2
   1   96   78 48.00 1.000    0    2
   1   97   87 48.00 0.984    0    2
   1   98   89 48.00 0.948    0    2
   1   99   89 48.00 0.962    0    2
   1  100   90 48.00 0.942    0    2
   1    1   93 32.00 0.000    1    2
   1    2   76 32.00 0.009    1    2
   1    3   84 32.00 0.000    1    2
   1    4   87 32.00 0.000    1    2
   1    5   89 32.00 0.000    1    2
   1    6   73 32.00 0.028    1    2
   1    7   88 32.00 0.000    1    2
   1    8   74 34.00 0.081    1    2
   1    9   81 32.00 0.001    1    2
   1   10   82 32.00 0.001    1    2
   1   11   79 32.00 0.003    1    2
   1   12   84 32.00 0.000    1    2
   1   13   91 32.00 0.000    1    2
   1   14   77 36.00 0.127    1    2
   1   15   95 32.00 0.000    1    2
   1   16   99 32.00 0.000    1    2
   1   17   85 32.00 0.000    1    2
   1   18   94 32.00 0.000    1    2
   1   19   77 36.00 0.119    1    2
   1   20   97 32.00 0.000    1    2
   1   21   85 32.00 0.000    1    2
   1   22   92 32.00 0.000    1    2
   1   23   90 32.00 0.000    1    2
   1   24   97 32.00 0.000    1    2
   1   25   88 32.00 0.000    1    2
   1   26   89 32.00 0.000    1    2
   1   27   75 32.00 0.013    1    2
   1   28   87 32.00 0.000    1    2
   1   29   96 32.00 0.000    1    2
   1   30   77 32.00 0.007    1    2
   1   31  121 32.00 0.000    1    2
   1   32   95 32.00 0.000    1    2
   1   33   94 32.00 0.000    1    2
   1   34   79 32.00 0.003    1    2
   1   35   74 34.00 0.081    1    2
   1   36   76 32.00 0.009    1    2
   1   37   79 32.00 0.003    1    2
   1   38   93 32.00 0.000    1    2
   1   39   81 32.00 0.002    1    2
   1   40  104 32.00 0.000    1    2
   1   41   88 32.00 0.000    1    2
   1   42  100 32.00 0.000    1    2
   1   43   93 32.00 0.000    1    2
   1   44   90 32.00 0.000    1    2
   1   45   94 32.00 0.000    1    2
   1   46   73 33.00 0.056    1    2
   1   47  103 32.00 0.000    1    2
   1   48   73 32.00 0.027    1    2
   1   49  102 32.00 0.000    1    2
   1   50   94 32.00 0.000    1    2
   1   51   93 32.00 0.000    1    2
   1   52   94 32.00 0.000    1    2
   1   53   88 32.00 0.000    1    2
   1   54   92 32.00 0.000    1    2
   1   55  103 32.00 0.000    1    2
   1   56   94 32.00 0.000    1    2
   1   57   84 32.00 0.000    1    2
   1   58   82 39.00 0.176    1    2
   1   59  119 32.00 0.000    1    2
   1   60   84 32.00 0.000    1    2
   1   61   88 32.00 0.000    1    2
   1   62   81 32.00 0.001    1    2
   1   63  105 32.00 0.000    1    2
   1   64  103 32.00 0.000    1    2
   1   65   92 32.00 0.000    1    2
   1   66   74 32.00 0.018    1    2
   1   67   96 32.00 0.000    1    2
   1   68   77 32.00 0.006    1    2
   1   69   83 32.00 0.001    1    2
   1   70   88 32.00 0.000    1    2
   1   71  104 32.00 0.000    1    2
   1   72   77 36.00 0.117    1    2
   1   73  107 32.00 0.000    1    2
   1   74   79 32.00 0.003    1    2
   1   75  103 32.00 0.000    1    2
   1   76   84 32.00 0.000    1    2
   1   77   74 34.00 0.088    1    2
   1   78   98 32.00 0.000    1    2
   1   79   82 32.00 0.001    1    2
   1   80   73 32.00 0.027    1    2
   1   81   93 32.00 0.000    1    2
   1   82  105 32.00 0.000    1    2
   1   83   73 32.00 0.029    1    2
   1   84   79 32.00 0.003    1    2
   1   85   91 32.00 0.000    1    2
   1   86   94 32.00 0.000    1    2
   1   87   83 32.00 0.001    1    2
   1   88   74 34.00 0.083    1    2
   1   89   75 32.00 0.012    1    2
   1   90   86 32.00 0.000    1    2
   1   91  100 32.00 0.000    1    2
   1   92   98 32.00 0.000    1    2
   1   93   85 32.00 0.000    1    2
   1   94   86 32.00 0.000    1    2
   1   95   93 32.00 0.000    1    2
   1   96   87 32.00 0.000    1    2
   1   97   73 32.00 0.026    1    2
   1   98   84 32.00 0.000    1    2
   1   99   96 32.00 0.000    1    2
   1  100  101 32.00 0.000    1    2
