  simno it age mass belief env state
   1    1   78 48.00 1.000    0    2
   1    2   73 48.00 1.000    0    2
   1    3   81 48.00 0.999    0    2
   1    4   65 48.00 1.000    0    2
   1    5   76 48.00 1.000    0    2
   1    6   75 48.00 1.000    0    2
   1    7   70 48.00 1.000    0    2
   1    8   73 48.00 1.000    0    2
   1    9   77 48.00 1.000    0    2
   1   10   81 48.00 0.999    0    2
   1   11   75 48.00 1.000    0    2
   1   12   72 48.00 1.000    0    2
   1   13   78 48.00 1.000    0    2
   1   14   75 48.00 1.000    0    2
   1   15   70 48.00 1.000    0    2
   1   16   80 48.00 1.000    0    2
   1   17   75 48.00 1.000    0    2
   1   18   65 48.00 1.000    0    2
   1   19   72 48.00 1.000    0    2
   1   20   68 48.00 1.000    0    2
   1   21   81 48.00 0.999    0    2
   1   22   82 48.00 0.999    0    2
   1   23   76 48.00 1.000    0    2
   1   24   77 48.00 1.000    0    2
   1   25   79 48.00 1.000    0    2
   1   26   65 48.00 1.000    0    2
   1   27   67 48.00 1.000    0    2
   1   28   79 48.00 1.000    0    2
   1   29   70 48.00 1.000    0    2
   1   30   82 48.00 0.999    0    2
   1   31   72 48.00 1.000    0    2
   1   32   81 48.00 0.999    0    2
   1   33   70 48.00 1.000    0    2
   1   34   69 48.00 1.000    0    2
   1   35   83 48.00 0.999    0    2
   1   36   75 48.00 1.000    0    2
   1   37   87 48.00 0.995    0    2
   1   38   69 48.00 1.000    0    2
   1   39   67 48.00 1.000    0    2
   1   40   86 48.00 0.997    0    2
   1   41   86 48.00 0.996    0    2
   1   42   81 48.00 0.999    0    2
   1   43   97 46.00 0.731    0    2
   1   44   84 48.00 0.998    0    2
   1   45   75 48.00 1.000    0    2
   1   46   82 48.00 0.999    0    2
   1   47   77 48.00 1.000    0    2
   1   48   86 48.00 0.996    0    2
   1   49   81 48.00 0.999    0    2
   1   50   79 48.00 1.000    0    2
   1   51   76 48.00 1.000    0    2
   1   52   77 48.00 1.000    0    2
   1   53   74 48.00 1.000    0    2
   1   54   74 48.00 1.000    0    2
   1   55   82 48.00 0.999    0    2
   1   56   83 48.00 0.999    0    2
   1   57   77 48.00 1.000    0    2
   1   58   83 48.00 0.999    0    2
   1   59   74 48.00 1.000    0    2
   1   60   76 48.00 1.000    0    2
   1   61   76 48.00 1.000    0    2
   1   62   85 48.00 0.997    0    2
   1   63   77 48.00 1.000    0    2
   1   64   69 48.00 1.000    0    2
   1   65   69 48.00 1.000    0    2
   1   66   85 48.00 0.997    0    2
   1   67   78 48.00 1.000    0    2
   1   68   61 48.00 1.000    0    2
   1   69   68 48.00 1.000    0    2
   1   70   74 48.00 1.000    0    2
   1   71   69 48.00 1.000    0    2
   1   72   71 48.00 1.000    0    2
   1   73   71 48.00 1.000    0    2
   1   74   80 48.00 1.000    0    2
   1   75   76 48.00 1.000    0    2
   1   76   81 48.00 0.999    0    2
   1   77   80 48.00 1.000    0    2
   1   78   74 48.00 1.000    0    2
   1   79   85 48.00 0.997    0    2
   1   80   85 48.00 0.997    0    2
   1   81   82 48.00 0.999    0    2
   1   82   74 48.00 1.000    0    2
   1   83   77 48.00 1.000    0    2
   1   84   72 48.00 1.000    0    2
   1   85   78 48.00 1.000    0    2
   1   86   84 48.00 0.998    0    2
   1   87   84 48.00 0.998    0    2
   1   88   74 48.00 1.000    0    2
   1   89   79 48.00 1.000    0    2
   1   90   83 48.00 0.999    0    2
   1   91   67 48.00 1.000    0    2
   1   92   76 48.00 1.000    0    2
   1   93   74 48.00 1.000    0    2
   1   94   92 48.00 0.972    0    2
   1   95   67 48.00 1.000    0    2
   1   96   95 30.00 0.006    0    2
   1   97   76 48.00 1.000    0    2
   1   98   74 48.00 1.000    0    2
   1   99   71 48.00 1.000    0    2
   1  100   86 48.00 0.996    0    2
   1    1   89 30.00 0.012    1    2
   1    2   80 30.00 0.069    1    2
   1    3   84 38.00 0.225    1    2
   1    4   89 40.00 0.307    1    2
   1    5   94 46.00 0.733    1    2
   1    6   71 31.00 0.097    1    2
   1    7   84 33.00 0.144    1    2
   1    8   89 30.00 0.035    1    2
   1    9   87 39.00 0.245    1    2
   1   10   72 32.00 0.120    1    2
   1   11   72 32.00 0.128    1    2
   1   12   95 30.00 0.010    1    2
   1   13   81 37.00 0.202    1    2
   1   14   99 30.00 0.003    1    2
   1   15  107 30.00 0.001    1    2
   1   16   97 46.00 0.735    1    2
   1   17   78 34.00 0.165    1    2
   1   18   88 48.00 0.992    1    2
   1   19   82 48.00 0.999    1    2
   1   20  105 30.00 0.001    1    2
   1   21   94 46.00 0.720    1    2
   1   22   84 31.00 0.096    1    2
   1   23   79 32.00 0.117    1    2
   1   24   78 30.00 0.071    1    2
   1   25   74 30.00 0.069    1    2
   1   26  101 30.00 0.001    1    2
   1   27   92 44.00 0.546    1    2
   1   28  101 30.00 0.002    1    2
   1   29   86 40.00 0.279    1    2
   1   30   84 30.00 0.046    1    2
   1   31   94 47.00 0.847    1    2
   1   32   82 30.00 0.050    1    2
   1   33   93 30.00 0.006    1    2
   1   34   92 44.00 0.521    1    2
   1   35   83 31.00 0.099    1    2
   1   36  117 30.00 0.000    1    2
   1   37   94 30.00 0.020    1    2
   1   38   87 30.00 0.068    1    2
   1   39   83 33.00 0.135    1    2
   1   40   77 31.00 0.101    1    2
   1   41   89 42.00 0.400    1    2
   1   42   85 30.00 0.016    1    2
   1   43   83 32.00 0.112    1    2
   1   44   82 38.00 0.243    1    2
   1   45   77 30.00 0.071    1    2
   1   46   84 48.00 0.998    1    2
   1   47   79 30.00 0.071    1    2
   1   48   92 48.00 0.963    1    2
   1   49   93 30.00 0.007    1    2
   1   50  102 30.00 0.003    1    2
   1   51  102 30.00 0.005    1    2
   1   52   86 40.00 0.302    1    2
   1   53   94 45.00 0.592    1    2
   1   54   75 30.00 0.067    1    2
   1   55   85 33.00 0.131    1    2
   1   56   79 32.00 0.125    1    2
   1   57   75 33.00 0.130    1    2
   1   58   71 31.00 0.097    1    2
   1   59   89 42.00 0.389    1    2
   1   60   83 38.00 0.220    1    2
   1   61   94 47.00 0.874    1    2
   1   62   81 37.00 0.200    1    2
   1   63   91 43.00 0.427    1    2
   1   64   91 43.00 0.441    1    2
   1   65   74 32.00 0.115    1    2
   1   66   89 48.00 0.988    1    2
   1   67  105 30.00 0.001    1    2
   1   68  104 30.00 0.002    1    2
   1   69   93 48.00 0.947    1    2
   1   70   94 47.00 0.884    1    2
   1   71   88 48.00 0.991    1    2
   1   72   77 31.00 0.100    1    2
   1   73   75 31.00 0.091    1    2
   1   74   99 30.00 0.005    1    2
   1   75   93 45.00 0.624    1    2
   1   76  126 30.00 0.000    1    2
   1   77   78 35.00 0.176    1    2
   1   78   71 48.00 1.000    1    2
   1   79   89 30.00 0.025    1    2
   1   80   87 30.00 0.024    1    2
   1   81   94 30.00 0.005    1    2
   1   82   74 33.00 0.131    1    2
   1   83   82 30.00 0.037    1    2
   1   84   91 30.00 0.007    1    2
   1   85   94 30.00 0.021    1    2
   1   86   73 32.00 0.109    1    2
   1   87   89 42.00 0.396    1    2
   1   88   84 48.00 0.998    1    2
   1   89   74 32.00 0.119    1    2
   1   90   81 37.00 0.199    1    2
   1   91   75 33.00 0.128    1    2
   1   92   82 33.00 0.134    1    2
   1   93   89 48.00 0.988    1    2
   1   94   81 30.00 0.046    1    2
   1   95   81 37.00 0.200    1    2
   1   96   84 33.00 0.133    1    2
   1   97   82 31.00 0.097    1    2
   1   98   95 46.00 0.737    1    2
   1   99  123 30.00 0.000    1    2
   1  100   92 48.00 0.962    1    2
