  simno it age mass belief env state
   1    1   78 48.00 1.000    0    2
   1    2   75 48.00 1.000    0    2
   1    3   79 48.00 1.000    0    2
   1    4   67 48.00 1.000    0    2
   1    5   73 48.00 1.000    0    2
   1    6   82 48.00 0.999    0    2
   1    7   80 48.00 1.000    0    2
   1    8   71 48.00 1.000    0    2
   1    9   82 48.00 0.999    0    2
   1   10   75 48.00 1.000    0    2
   1   11   72 48.00 1.000    0    2
   1   12   72 48.00 1.000    0    2
   1   13   76 48.00 1.000    0    2
   1   14   80 48.00 1.000    0    2
   1   15   75 48.00 1.000    0    2
   1   16   83 48.00 0.999    0    2
   1   17   84 48.00 0.999    0    2
   1   18   64 48.00 1.000    0    2
   1   19   72 48.00 1.000    0    2
   1   20   74 48.00 1.000    0    2
   1   21   74 48.00 1.000    0    2
   1   22   75 48.00 1.000    0    2
   1   23   73 48.00 1.000    0    2
   1   24   80 48.00 1.000    0    2
   1   25   79 48.00 1.000    0    2
   1   26   63 48.00 1.000    0    2
   1   27   76 48.00 1.000    0    2
   1   28   81 48.00 0.999    0    2
   1   29   82 48.00 0.999    0    2
   1   30   80 48.00 1.000    0    2
   1   31   69 48.00 1.000    0    2
   1   32   71 48.00 1.000    0    2
   1   33   62 48.00 1.000    0    2
   1   34   71 48.00 1.000    0    2
   1   35   79 48.00 1.000    0    2
   1   36   78 48.00 1.000    0    2
   1   37   85 48.00 0.998    0    2
   1   38   63 48.00 1.000    0    2
   1   39   68 48.00 1.000    0    2
   1   40   79 48.00 1.000    0    2
   1   41   80 48.00 1.000    0    2
   1   42   86 48.00 0.996    0    2
   1   43   95 48.00 0.958    0    2
   1   44   81 48.00 0.999    0    2
   1   45   88 48.00 0.993    0    2
   1   46   90 48.00 0.984    0    2
   1   47   66 48.00 1.000    0    2
   1   48   84 48.00 0.998    0    2
   1   49   83 48.00 0.999    0    2
   1   50   73 48.00 1.000    0    2
   1   51   77 48.00 1.000    0    2
   1   52   80 48.00 1.000    0    2
   1   53   75 48.00 1.000    0    2
   1   54   74 48.00 1.000    0    2
   1   55   76 48.00 1.000    0    2
   1   56   85 48.00 0.998    0    2
   1   57   77 48.00 1.000    0    2
   1   58   85 48.00 0.998    0    2
   1   59   72 48.00 1.000    0    2
   1   60   73 48.00 1.000    0    2
   1   61   74 48.00 1.000    0    2
   1   62   86 48.00 0.996    0    2
   1   63   86 48.00 0.996    0    2
   1   64   68 48.00 1.000    0    2
   1   65   73 48.00 1.000    0    2
   1   66   85 48.00 0.998    0    2
   1   67   79 48.00 1.000    0    2
   1   68   69 48.00 1.000    0    2
   1   69   71 48.00 1.000    0    2
   1   70   83 48.00 0.999    0    2
   1   71   70 48.00 1.000    0    2
   1   72   75 48.00 1.000    0    2
   1   73   73 48.00 1.000    0    2
   1   74   73 48.00 1.000    0    2
   1   75   76 48.00 1.000    0    2
   1   76   76 48.00 1.000    0    2
   1   77   72 48.00 1.000    0    2
   1   78   72 48.00 1.000    0    2
   1   79   96 46.00 0.720    0    2
   1   80   82 48.00 0.999    0    2
   1   81   96 48.00 0.957    0    2
   1   82   74 48.00 1.000    0    2
   1   83   77 48.00 1.000    0    2
   1   84   71 48.00 1.000    0    2
   1   85   78 48.00 1.000    0    2
   1   86   88 48.00 0.992    0    2
   1   87   79 48.00 1.000    0    2
   1   88   78 48.00 1.000    0    2
   1   89   67 48.00 1.000    0    2
   1   90   87 48.00 0.994    0    2
   1   91   75 48.00 1.000    0    2
   1   92   72 48.00 1.000    0    2
   1   93   74 48.00 1.000    0    2
   1   94  101 48.00 0.978    0    2
   1   95   83 48.00 0.999    0    2
   1   96   84 48.00 0.999    0    2
   1   97   82 48.00 0.999    0    2
   1   98   80 48.00 1.000    0    2
   1   99   87 48.00 0.995    0    2
   1  100   64 48.00 1.000    0    2
   1    1   95 30.00 0.006    1    2
   1    2   92 43.00 0.433    1    2
   1    3  126 30.00 0.000    1    2
   1    4   94 47.00 0.843    1    2
   1    5   78 30.00 0.075    1    2
   1    6   76 34.00 0.146    1    2
   1    7   76 33.00 0.127    1    2
   1    8   74 33.00 0.135    1    2
   1    9   76 30.00 0.063    1    2
   1   10   83 38.00 0.222    1    2
   1   11   90 41.00 0.325    1    2
   1   12   82 33.00 0.133    1    2
   1   13  107 30.00 0.002    1    2
   1   14   94 44.00 0.521    1    2
   1   15   80 31.00 0.098    1    2
   1   16   81 30.00 0.074    1    2
   1   17   77 35.00 0.183    1    2
   1   18   78 35.00 0.167    1    2
   1   19   90 48.00 0.988    1    2
   1   20   77 35.00 0.179    1    2
   1   21   74 32.00 0.118    1    2
   1   22   77 30.00 0.070    1    2
   1   23   83 35.00 0.191    1    2
   1   24   83 35.00 0.161    1    2
   1   25   95 46.00 0.718    1    2
   1   26  102 30.00 0.003    1    2
   1   27   73 30.00 0.077    1    2
   1   28   75 31.00 0.101    1    2
   1   29   86 40.00 0.282    1    2
   1   30   82 30.00 0.046    1    2
   1   31   93 48.00 0.948    1    2
   1   32   78 31.00 0.094    1    2
   1   33  109 30.00 0.001    1    2
   1   34   80 35.00 0.167    1    2
   1   35   77 32.00 0.119    1    2
   1   36   77 31.00 0.101    1    2
   1   37   75 30.00 0.073    1    2
   1   38   78 32.00 0.115    1    2
   1   39   82 36.00 0.184    1    2
   1   40   91 43.00 0.463    1    2
   1   41   95 47.00 0.890    1    2
   1   42   93 47.00 0.899    1    2
   1   43   78 30.00 0.056    1    2
   1   44   82 31.00 0.096    1    2
   1   45   91 43.00 0.435    1    2
   1   46   83 34.00 0.158    1    2
   1   47   80 36.00 0.179    1    2
   1   48   84 32.00 0.119    1    2
   1   49   73 31.00 0.095    1    2
   1   50   94 45.00 0.584    1    2
   1   51   91 43.00 0.451    1    2
   1   52   81 36.00 0.197    1    2
   1   53   94 45.00 0.616    1    2
   1   54   80 36.00 0.204    1    2
   1   55   74 31.00 0.100    1    2
   1   56   86 30.00 0.015    1    2
   1   57   80 30.00 0.058    1    2
   1   58   84 39.00 0.276    1    2
   1   59   84 30.00 0.012    1    2
   1   60   88 30.00 0.023    1    2
   1   61   73 32.00 0.115    1    2
   1   62   75 33.00 0.135    1    2
   1   63   93 47.00 0.893    1    2
   1   64   90 42.00 0.372    1    2
   1   65   91 30.00 0.009    1    2
   1   66   82 37.00 0.203    1    2
   1   67   85 38.00 0.257    1    2
   1   68   94 41.00 0.344    1    2
   1   69   87 30.00 0.034    1    2
   1   70   77 32.00 0.119    1    2
   1   71   89 48.00 0.994    1    2
   1   72   91 48.00 0.974    1    2
   1   73   96 47.00 0.834    1    2
   1   74   83 38.00 0.226    1    2
   1   75   76 34.00 0.150    1    2
   1   76   92 30.00 0.006    1    2
   1   77   94 46.00 0.720    1    2
   1   78  103 30.00 0.002    1    2
   1   79   78 35.00 0.165    1    2
   1   80   94 48.00 0.936    1    2
   1   81   89 48.00 0.989    1    2
   1   82   93 47.00 0.895    1    2
   1   83   96 30.00 0.018    1    2
   1   84  100 30.00 0.019    1    2
   1   85   84 30.00 0.019    1    2
   1   86   80 31.00 0.095    1    2
   1   87   82 34.00 0.169    1    2
   1   88   94 46.00 0.746    1    2
   1   89   75 31.00 0.100    1    2
   1   90   75 33.00 0.147    1    2
   1   91   82 30.00 0.071    1    2
   1   92   78 30.00 0.065    1    2
   1   93   76 34.00 0.152    1    2
   1   94   85 30.00 0.019    1    2
   1   95   75 33.00 0.148    1    2
   1   96   81 30.00 0.038    1    2
   1   97   78 34.00 0.169    1    2
   1   98   80 36.00 0.183    1    2
   1   99   86 40.00 0.316    1    2
   1  100   89 48.00 0.990    1    2
