  simno it age mass belief env state
   1    1   99 46.00 0.998    0    2
   1    2  115 45.00 0.837    0    2
   1    3  107 46.00 0.927    0    2
   1    4   88 46.00 1.000    0    2
   1    5  104 46.00 0.995    0    2
   1    6  104 46.00 0.981    0    2
   1    7  105 46.00 0.994    0    2
   1    8   92 46.00 1.000    0    2
   1    9  100 46.00 0.998    0    2
   1   10  109 46.00 0.974    0    2
   1   11  109 46.00 0.942    0    2
   1   12   98 46.00 0.998    0    2
   1   13   88 46.00 1.000    0    2
   1   14   91 46.00 1.000    0    2
   1   15  101 43.00 0.520    0    2
   1   16  108 46.00 0.989    0    2
   1   17  104 45.00 0.869    0    2
   1   18   92 46.00 1.000    0    2
   1   19  114 45.00 0.856    0    2
   1   20   89 46.00 1.000    0    2
   1   21   87 46.00 1.000    0    2
   1   22  104 46.00 0.992    0    2
   1   23   69 46.00 1.000    0    2
   1   24  102 46.00 0.997    0    2
   1   25  104 46.00 0.989    0    2
   1   26  111 46.00 0.954    0    2
   1   27  109 39.00 0.223    0    2
   1   28   86 46.00 1.000    0    2
   1   29   80 46.00 1.000    0    2
   1   30  111 46.00 0.943    0    2
   1   31  112 45.00 0.849    0    2
   1   32  114 46.00 0.931    0    2
   1   33   99 46.00 0.998    0    2
   1   34   99 46.00 0.997    0    2
   1   35   87 46.00 1.000    0    2
   1   36  103 46.00 0.996    0    2
   1   37  103 45.00 0.809    0    2
   1   38  102 46.00 0.958    0    2
   1   39   96 46.00 0.999    0    2
   1   40  107 46.00 0.985    0    2
   1   41  110 46.00 0.981    0    2
   1   42  103 46.00 0.996    0    2
   1   43  109 46.00 0.983    0    2
   1   44  102 46.00 0.994    0    2
   1   45  106 46.00 0.993    0    2
   1   46  103 46.00 0.992    0    2
   1   47  102 46.00 0.996    0    2
   1   48  112 45.00 0.861    0    2
   1   49  105 45.00 0.860    0    2
   1   50   94 46.00 0.999    0    2
   1   51  102 46.00 0.996    0    2
   1   52  104 41.00 0.334    0    2
   1   53   99 36.00 0.136    0    2
   1   54   92 46.00 1.000    0    2
   1   55   88 46.00 1.000    0    2
   1   56  103 45.00 0.833    0    2
   1   57  106 46.00 0.990    0    2
   1   58   92 46.00 0.999    0    2
   1   59  101 46.00 0.994    0    2
   1   60   85 46.00 1.000    0    2
   1   61   98 46.00 0.998    0    2
   1   62   90 46.00 1.000    0    2
   1   63  103 46.00 0.996    0    2
   1   64  102 46.00 0.997    0    2
   1   65   79 46.00 1.000    0    2
   1   66   89 46.00 1.000    0    2
   1   67  101 46.00 0.994    0    2
   1   68  107 46.00 0.969    0    2
   1   69  109 46.00 0.986    0    2
   1   70  110 43.00 0.519    0    2
   1   71  106 44.00 0.653    0    2
   1   72  107 46.00 0.979    0    2
   1   73   94 46.00 0.999    0    2
   1   74  109 46.00 0.987    0    2
   1   75  112 46.00 0.926    0    2
   1   76  103 46.00 0.995    0    2
   1   77  109 45.00 0.804    0    2
   1   78  108 46.00 0.991    0    2
   1   79  109 46.00 0.984    0    2
   1   80  101 46.00 0.997    0    2
   1   81  103 46.00 0.993    0    2
   1   82   97 46.00 0.998    0    2
   1   83   90 46.00 1.000    0    2
   1   84  105 46.00 0.994    0    2
   1   85   98 36.00 0.159    0    2
   1   86   85 46.00 1.000    0    2
   1   87  110 46.00 0.975    0    2
   1   88  109 46.00 0.946    0    2
   1   89  101 46.00 0.998    0    2
   1   90  110 45.00 0.858    0    2
   1   91   87 46.00 1.000    0    2
   1   92   96 46.00 0.999    0    2
   1   93   96 46.00 0.999    0    2
   1   94   90 46.00 1.000    0    2
   1   95   99 46.00 0.999    0    2
   1   96   99 46.00 0.999    0    2
   1   97  109 44.00 0.615    0    2
   1   98  103 46.00 0.976    0    2
   1   99   98 46.00 0.998    0    2
   1  100  104 46.00 0.988    0    2
   1    1   93 35.00 0.138    1    2
   1    2   85 33.00 0.073    1    2
   1    3   89 32.00 0.000    1    2
   1    4   82 35.00 0.135    1    2
   1    5   83 32.00 0.002    1    2
   1    6   83 32.00 0.014    1    2
   1    7   86 32.00 0.002    1    2
   1    8   85 33.00 0.081    1    2
   1    9   86 34.00 0.098    1    2
   1   10   88 36.00 0.152    1    2
   1   11  109 42.00 0.409    1    2
   1   12   88 32.00 0.022    1    2
   1   13   95 37.00 0.159    1    2
   1   14   95 36.00 0.135    1    2
   1   15   92 32.00 0.007    1    2
   1   16   85 34.00 0.091    1    2
   1   17  106 32.00 0.000    1    2
   1   18   99 35.00 0.131    1    2
   1   19   99 37.00 0.158    1    2
   1   20   86 32.00 0.002    1    2
   1   21   88 32.00 0.001    1    2
   1   22   83 32.00 0.010    1    2
   1   23   82 33.00 0.072    1    2
   1   24   87 34.00 0.111    1    2
   1   25   87 33.00 0.068    1    2
   1   26  106 45.00 0.849    1    2
   1   27   83 32.00 0.002    1    2
   1   28   86 32.00 0.034    1    2
   1   29   85 32.00 0.033    1    2
   1   30   91 32.00 0.001    1    2
   1   31  114 43.00 0.499    1    2
   1   32  100 32.00 0.000    1    2
   1   33   94 32.00 0.000    1    2
   1   34   87 34.00 0.115    1    2
   1   35  100 37.00 0.158    1    2
   1   36  108 46.00 0.984    1    2
   1   37   98 39.00 0.223    1    2
   1   38  114 43.00 0.486    1    2
   1   39   88 34.00 0.112    1    2
   1   40   92 32.00 0.002    1    2
   1   41   86 32.00 0.009    1    2
   1   42  103 38.00 0.222    1    2
   1   43   88 32.00 0.003    1    2
   1   44  116 45.00 0.787    1    2
   1   45   97 36.00 0.154    1    2
   1   46   92 39.00 0.251    1    2
   1   47   88 39.00 0.255    1    2
   1   48   94 35.00 0.116    1    2
   1   49   90 32.00 0.005    1    2
   1   50  112 45.00 0.777    1    2
   1   51   94 32.00 0.001    1    2
   1   52   95 36.00 0.159    1    2
   1   53   84 32.00 0.032    1    2
   1   54   93 35.00 0.147    1    2
   1   55   96 32.00 0.000    1    2
   1   56   96 34.00 0.110    1    2
   1   57  111 45.00 0.858    1    2
   1   58   88 32.00 0.001    1    2
   1   59   86 33.00 0.070    1    2
   1   60  100 36.00 0.164    1    2
   1   61   83 33.00 0.077    1    2
   1   62   90 35.00 0.119    1    2
   1   63   96 32.00 0.001    1    2
   1   64  111 39.00 0.234    1    2
   1   65   91 32.00 0.001    1    2
   1   66  110 40.00 0.271    1    2
   1   67   92 34.00 0.094    1    2
   1   68   92 34.00 0.113    1    2
   1   69   87 32.00 0.003    1    2
   1   70   91 32.00 0.003    1    2
   1   71   88 33.00 0.089    1    2
   1   72   88 32.00 0.005    1    2
   1   73   88 32.00 0.003    1    2
   1   74   89 32.00 0.002    1    2
   1   75   91 32.00 0.001    1    2
   1   76  118 43.00 0.508    1    2
   1   77   92 32.00 0.003    1    2
   1   78   82 32.00 0.024    1    2
   1   79  105 32.00 0.000    1    2
   1   80   93 32.00 0.000    1    2
   1   81   81 32.00 0.034    1    2
   1   82  114 45.00 0.873    1    2
   1   83   87 32.00 0.005    1    2
   1   84   86 32.00 0.023    1    2
   1   85   80 32.00 0.035    1    2
   1   86  108 46.00 0.963    1    2
   1   87   98 32.00 0.000    1    2
   1   88   87 32.00 0.001    1    2
   1   89   81 32.00 0.011    1    2
   1   90  104 46.00 0.954    1    2
   1   91   82 33.00 0.069    1    2
   1   92   79 32.00 0.028    1    2
   1   93   92 33.00 0.076    1    2
   1   94  102 46.00 0.942    1    2
   1   95  109 41.00 0.333    1    2
   1   96   82 32.00 0.010    1    2
   1   97   85 32.00 0.036    1    2
   1   98   92 32.00 0.037    1    2
   1   99   83 32.00 0.034    1    2
   1  100   89 36.00 0.149    1    2
