  simno it age mass belief env state
   1    1   94 47.00 0.897    0    2
   1    2   93 48.00 0.955    0    2
   1    3   98 46.00 0.715    0    2
   1    4   83 48.00 0.999    0    2
   1    5   93 47.00 0.893    0    2
   1    6   93 48.00 0.957    0    2
   1    7  100 30.00 0.026    0    2
   1    8   91 48.00 0.976    0    2
   1    9   82 48.00 0.999    0    2
   1   10   87 48.00 0.996    0    2
   1   11   97 48.00 0.969    0    2
   1   12   99 47.00 0.835    0    2
   1   13   92 48.00 0.969    0    2
   1   14   83 48.00 0.999    0    2
   1   15   96 48.00 0.971    0    2
   1   16   83 48.00 0.999    0    2
   1   17   93 47.00 0.895    0    2
   1   18   97 47.00 0.874    0    2
   1   19   90 48.00 0.986    0    2
   1   20   97 46.00 0.749    0    2
   1   21   98 44.00 0.518    0    2
   1   22   80 48.00 1.000    0    2
   1   23   84 48.00 0.998    0    2
   1   24   79 48.00 1.000    0    2
   1   25   79 48.00 1.000    0    2
   1   26   82 36.00 0.184    0    2
   1   27   97 48.00 0.971    0    2
   1   28   81 48.00 0.999    0    2
   1   29   88 48.00 0.991    0    2
   1   30   95 47.00 0.891    0    2
   1   31   91 48.00 0.988    0    2
   1   32   78 48.00 1.000    0    2
   1   33   87 48.00 0.994    0    2
   1   34   93 48.00 0.962    0    2
   1   35   84 48.00 0.998    0    2
   1   36  100 48.00 0.964    0    2
   1   37   86 48.00 0.999    0    2
   1   38   86 48.00 0.997    0    2
   1   39   93 48.00 0.966    0    2
   1   40   99 45.00 0.625    0    2
   1   41   88 48.00 0.994    0    2
   1   42  108 47.00 0.888    0    2
   1   43   93 48.00 0.968    0    2
   1   44   88 40.00 0.278    0    2
   1   45   89 48.00 0.989    0    2
   1   46   87 48.00 0.995    0    2
   1   47   98 48.00 0.951    0    2
   1   48   85 48.00 0.998    0    2
   1   49   92 48.00 0.992    0    2
   1   50   90 48.00 0.985    0    2
   1   51   74 48.00 1.000    0    2
   1   52   87 30.00 0.011    0    2
   1   53   91 48.00 0.985    0    2
   1   54   79 48.00 1.000    0    2
   1   55   81 48.00 1.000    0    2
   1   56   94 48.00 0.957    0    2
   1   57   94 47.00 0.903    0    2
   1   58   79 48.00 1.000    0    2
   1   59   80 48.00 1.000    0    2
   1   60   91 48.00 0.976    0    2
   1   61   81 48.00 0.999    0    2
   1   62   93 48.00 0.959    0    2
   1   63   98 48.00 0.993    0    2
   1   64   93 48.00 0.945    0    2
   1   65   93 45.00 0.624    0    2
   1   66  111 43.00 0.435    0    2
   1   67   93 47.00 0.899    0    2
   1   68   97 46.00 0.716    0    2
   1   69   94 48.00 0.963    0    2
   1   70   87 48.00 0.995    0    2
   1   71   85 48.00 0.997    0    2
   1   72   88 48.00 0.992    0    2
   1   73   77 31.00 0.097    0    2
   1   74   94 42.00 0.366    0    2
   1   75   90 48.00 0.984    0    2
   1   76   90 48.00 0.985    0    2
   1   77   84 48.00 0.998    0    2
   1   78   76 33.00 0.134    0    2
   1   79   89 48.00 0.988    0    2
   1   80   72 32.00 0.124    0    2
   1   81   91 48.00 0.997    0    2
   1   82  106 30.00 0.001    0    2
   1   83   86 48.00 0.996    0    2
   1   84   92 48.00 0.965    0    2
   1   85   84 48.00 0.998    0    2
   1   86   81 48.00 1.000    0    2
   1   87   90 30.00 0.045    0    2
   1   88   94 48.00 0.970    0    2
   1   89   95 45.00 0.593    0    2
   1   90   71 48.00 1.000    0    2
   1   91   88 48.00 0.994    0    2
   1   92   94 48.00 0.978    0    2
   1   93   94 47.00 0.887    0    2
   1   94   86 38.00 0.247    0    2
   1   95   91 48.00 0.978    0    2
   1   96   90 48.00 0.983    0    2
   1   97   98 48.00 0.960    0    2
   1   98   97 47.00 0.872    0    2
   1   99   93 31.00 0.096    0    2
   1  100   94 48.00 0.957    0    2
   1    1   84 30.00 0.033    1    2
   1    2  106 30.00 0.003    1    2
   1    3   95 30.00 0.022    1    2
   1    4  153 30.00 0.000    1    2
   1    5   79 30.00 0.077    1    2
   1    6  111 30.00 0.001    1    2
   1    7   98 30.00 0.014    1    2
   1    8  100 30.00 0.009    1    2
   1    9   82 33.00 0.135    1    2
   1   10   86 30.00 0.040    1    2
   1   11  139 30.00 0.000    1    2
   1   12  138 30.00 0.000    1    2
   1   13   88 31.00 0.101    1    2
   1   14  111 30.00 0.001    1    2
   1   15  128 30.00 0.000    1    2
   1   16  129 30.00 0.000    1    2
   1   17   81 30.00 0.064    1    2
   1   18  113 30.00 0.001    1    2
   1   19   93 30.00 0.033    1    2
   1   20   85 30.00 0.073    1    2
   1   21   99 41.00 0.324    1    2
   1   22   81 30.00 0.070    1    2
   1   23  128 30.00 0.000    1    2
   1   24   98 30.00 0.018    1    2
   1   25   95 30.00 0.006    1    2
   1   26   89 30.00 0.075    1    2
   1   27   96 30.00 0.007    1    2
   1   28   78 30.00 0.072    1    2
   1   29  129 30.00 0.000    1    2
   1   30  128 30.00 0.000    1    2
   1   31   84 31.00 0.096    1    2
   1   32  111 30.00 0.001    1    2
   1   33   84 30.00 0.075    1    2
   1   34  116 30.00 0.001    1    2
   1   35  107 30.00 0.002    1    2
   1   36   81 31.00 0.101    1    2
   1   37  133 30.00 0.000    1    2
   1   38  104 30.00 0.002    1    2
   1   39   84 30.00 0.050    1    2
   1   40   87 30.00 0.070    1    2
   1   41  135 30.00 0.000    1    2
   1   42  112 30.00 0.001    1    2
   1   43  139 30.00 0.000    1    2
   1   44  128 30.00 0.000    1    2
   1   45   78 30.00 0.060    1    2
   1   46   86 30.00 0.030    1    2
   1   47   77 30.00 0.071    1    2
   1   48  103 30.00 0.001    1    2
   1   49   92 30.00 0.014    1    2
   1   50  138 30.00 0.000    1    2
   1   51   88 30.00 0.036    1    2
   1   52  133 30.00 0.000    1    2
   1   53  120 30.00 0.000    1    2
   1   54  123 30.00 0.000    1    2
   1   55  131 30.00 0.000    1    2
   1   56   85 30.00 0.019    1    2
   1   57  117 30.00 0.000    1    2
   1   58  123 30.00 0.000    1    2
   1   59   96 30.00 0.014    1    2
   1   60   97 30.00 0.013    1    2
   1   61   94 30.00 0.036    1    2
   1   62  104 30.00 0.001    1    2
   1   63   99 30.00 0.004    1    2
   1   64  127 30.00 0.000    1    2
   1   65   89 30.00 0.019    1    2
   1   66  115 30.00 0.001    1    2
   1   67  106 30.00 0.001    1    2
   1   68  111 30.00 0.002    1    2
   1   69  134 30.00 0.000    1    2
   1   70   86 30.00 0.064    1    2
   1   71  101 30.00 0.014    1    2
   1   72  136 30.00 0.000    1    2
   1   73   88 30.00 0.018    1    2
   1   74  132 30.00 0.000    1    2
   1   75   80 30.00 0.074    1    2
   1   76   95 30.00 0.006    1    2
   1   77   94 30.00 0.037    1    2
   1   78  103 30.00 0.004    1    2
   1   79  104 30.00 0.005    1    2
   1   80   98 30.00 0.004    1    2
   1   81  103 30.00 0.008    1    2
   1   82   86 30.00 0.024    1    2
   1   83   97 30.00 0.004    1    2
   1   84  121 30.00 0.000    1    2
   1   85  119 30.00 0.000    1    2
   1   86   89 30.00 0.005    1    2
   1   87  123 30.00 0.000    1    2
   1   88  113 30.00 0.001    1    2
   1   89   93 30.00 0.040    1    2
   1   90  144 30.00 0.000    1    2
   1   91  115 30.00 0.000    1    2
   1   92   93 30.00 0.030    1    2
   1   93   78 30.00 0.068    1    2
   1   94   94 30.00 0.037    1    2
   1   95  121 30.00 0.000    1    2
   1   96  117 30.00 0.000    1    2
   1   97   82 30.00 0.071    1    2
   1   98   92 30.00 0.024    1    2
   1   99   94 30.00 0.051    1    2
   1  100  119 30.00 0.000    1    2
