  simno it age mass belief env state
   1    1   97 41.00 0.343    0    2
   1    2   93 48.00 0.993    0    2
   1    3   92 48.00 0.986    0    2
   1    4   84 48.00 0.999    0    2
   1    5   95 48.00 0.949    0    2
   1    6   88 37.00 0.208    0    2
   1    7  101 30.00 0.022    0    2
   1    8   85 48.00 0.997    0    2
   1    9   86 48.00 0.998    0    2
   1   10   95 48.00 0.997    0    2
   1   11  104 48.00 0.976    0    2
   1   12   90 48.00 0.987    0    2
   1   13   86 48.00 0.999    0    2
   1   14   91 48.00 0.999    0    2
   1   15   88 48.00 0.998    0    2
   1   16   78 48.00 1.000    0    2
   1   17   90 48.00 0.987    0    2
   1   18   90 35.00 0.184    0    2
   1   19   99 48.00 0.983    0    2
   1   20   97 47.00 0.891    0    2
   1   21   92 48.00 0.989    0    2
   1   22   78 48.00 1.000    0    2
   1   23   94 48.00 0.993    0    2
   1   24   97 48.00 0.996    0    2
   1   25   80 48.00 1.000    0    2
   1   26  108 44.00 0.521    0    2
   1   27   86 48.00 1.000    0    2
   1   28   83 48.00 0.999    0    2
   1   29  104 48.00 0.979    0    2
   1   30   98 46.00 0.726    0    2
   1   31   87 48.00 0.999    0    2
   1   32   84 48.00 0.998    0    2
   1   33   90 34.00 0.155    0    2
   1   34  107 46.00 0.726    0    2
   1   35   90 34.00 0.145    0    2
   1   36   83 48.00 0.999    0    2
   1   37   95 48.00 0.984    0    2
   1   38   96 48.00 0.971    0    2
   1   39   89 48.00 0.997    0    2
   1   40   92 48.00 0.988    0    2
   1   41   97 30.00 0.040    0    2
   1   42   85 48.00 0.999    0    2
   1   43   92 48.00 0.996    0    2
   1   44  103 47.00 0.844    0    2
   1   45   99 48.00 0.938    0    2
   1   46   81 30.00 0.069    0    2
   1   47   83 48.00 1.000    0    2
   1   48   90 48.00 0.996    0    2
   1   49   88 48.00 0.994    0    2
   1   50   92 48.00 0.988    0    2
   1   51   83 48.00 0.999    0    2
   1   52  111 48.00 0.972    0    2
   1   53   95 30.00 0.018    0    2
   1   54   94 42.00 0.401    0    2
   1   55   99 42.00 0.396    0    2
   1   56   91 48.00 0.996    0    2
   1   57   88 48.00 0.996    0    2
   1   58   82 48.00 0.999    0    2
   1   59   91 48.00 0.998    0    2
   1   60   85 48.00 0.998    0    2
   1   61   91 48.00 0.988    0    2
   1   62   85 48.00 0.999    0    2
   1   63   92 48.00 0.995    0    2
   1   64   77 32.00 0.121    0    2
   1   65   87 48.00 0.996    0    2
   1   66   96 48.00 0.991    0    2
   1   67  103 48.00 0.979    0    2
   1   68  110 48.00 0.957    0    2
   1   69   92 48.00 0.987    0    2
   1   70   85 48.00 0.999    0    2
   1   71  101 47.00 0.851    0    2
   1   72   83 34.00 0.148    0    2
   1   73  101 47.00 0.872    0    2
   1   74   97 48.00 0.966    0    2
   1   75   85 48.00 0.999    0    2
   1   76   99 47.00 0.881    0    2
   1   77   89 48.00 0.995    0    2
   1   78   96 46.00 0.715    0    2
   1   79   90 48.00 0.999    0    2
   1   80  110 30.00 0.002    0    2
   1   81   88 48.00 0.994    0    2
   1   82   95 48.00 0.971    0    2
   1   83   95 47.00 0.881    0    2
   1   84   83 48.00 1.000    0    2
   1   85   89 30.00 0.067    0    2
   1   86   98 48.00 0.935    0    2
   1   87   86 33.00 0.130    0    2
   1   88   78 48.00 1.000    0    2
   1   89   92 48.00 0.993    0    2
   1   90   80 48.00 1.000    0    2
   1   91  105 48.00 0.943    0    2
   1   92   94 33.00 0.137    0    2
   1   93   91 48.00 0.989    0    2
   1   94   88 32.00 0.118    0    2
   1   95   88 48.00 0.999    0    2
   1   96   99 44.00 0.534    0    2
   1   97   89 32.00 0.117    0    2
   1   98   92 48.00 0.973    0    2
   1   99  112 47.00 0.848    0    2
   1  100   89 48.00 0.993    0    2
   1    1  106 48.00 0.950    1    2
   1    2  142 30.00 0.000    1    2
   1    3  109 30.00 0.002    1    2
   1    4  116 30.00 0.001    1    2
   1    5  131 30.00 0.000    1    2
   1    6  143 30.00 0.000    1    2
   1    7  143 30.00 0.000    1    2
   1    8  122 30.00 0.000    1    2
   1    9  109 30.00 0.005    1    2
   1   10  137 30.00 0.000    1    2
   1   11  126 30.00 0.000    1    2
   1   12  121 30.00 0.000    1    2
   1   13   90 30.00 0.053    1    2
   1   14   98 30.00 0.009    1    2
   1   15  112 30.00 0.002    1    2
   1   16   89 30.00 0.072    1    2
   1   17   92 37.00 0.203    1    2
   1   18   94 36.00 0.184    1    2
   1   19  121 30.00 0.000    1    2
   1   20  107 30.00 0.006    1    2
   1   21  141 30.00 0.000    1    2
   1   22   87 40.00 0.282    1    2
   1   23   99 30.00 0.014    1    2
   1   24   89 30.00 0.072    1    2
   1   25   97 30.00 0.019    1    2
   1   26  102 30.00 0.005    1    2
   1   27   87 32.00 0.121    1    2
   1   28  129 30.00 0.000    1    2
   1   29  109 30.00 0.001    1    2
   1   30  105 30.00 0.009    1    2
   1   31  114 30.00 0.001    1    2
   1   32  114 30.00 0.000    1    2
   1   33   95 30.00 0.008    1    2
   1   34  100 30.00 0.010    1    2
   1   35  101 30.00 0.015    1    2
   1   36  126 30.00 0.000    1    2
   1   37  116 30.00 0.001    1    2
   1   38   96 38.00 0.225    1    2
   1   39  133 30.00 0.000    1    2
   1   40   93 30.00 0.021    1    2
   1   41   94 32.00 0.119    1    2
   1   42  104 30.00 0.005    1    2
   1   43   91 32.00 0.113    1    2
   1   44  131 30.00 0.000    1    2
   1   45  121 30.00 0.000    1    2
   1   46  142 30.00 0.000    1    2
   1   47  127 30.00 0.000    1    2
   1   48   78 31.00 0.095    1    2
   1   49   86 30.00 0.070    1    2
   1   50  120 30.00 0.000    1    2
   1   51  106 30.00 0.009    1    2
   1   52   97 30.00 0.039    1    2
   1   53  132 30.00 0.000    1    2
   1   54  115 30.00 0.001    1    2
   1   55   95 30.00 0.015    1    2
   1   56   92 43.00 0.455    1    2
   1   57  110 30.00 0.002    1    2
   1   58  131 30.00 0.000    1    2
   1   59  105 44.00 0.495    1    2
   1   60  113 30.00 0.001    1    2
   1   61  100 30.00 0.006    1    2
   1   62   90 30.00 0.017    1    2
   1   63  109 30.00 0.003    1    2
   1   64   90 30.00 0.064    1    2
   1   65  110 30.00 0.002    1    2
   1   66   88 30.00 0.070    1    2
   1   67  117 30.00 0.001    1    2
   1   68   98 38.00 0.239    1    2
   1   69  116 30.00 0.001    1    2
   1   70  102 30.00 0.014    1    2
   1   71  101 30.00 0.007    1    2
   1   72  111 30.00 0.002    1    2
   1   73  102 30.00 0.005    1    2
   1   74   85 30.00 0.068    1    2
   1   75   77 30.00 0.066    1    2
   1   76   92 30.00 0.074    1    2
   1   77   96 38.00 0.252    1    2
   1   78  122 30.00 0.000    1    2
   1   79  117 30.00 0.001    1    2
   1   80  134 30.00 0.000    1    2
   1   81   92 30.00 0.037    1    2
   1   82  137 30.00 0.000    1    2
   1   83   91 30.00 0.076    1    2
   1   84  133 30.00 0.000    1    2
   1   85  116 30.00 0.001    1    2
   1   86  103 30.00 0.008    1    2
   1   87   89 30.00 0.076    1    2
   1   88   90 30.00 0.044    1    2
   1   89  103 30.00 0.008    1    2
   1   90   88 30.00 0.023    1    2
   1   91  107 30.00 0.007    1    2
   1   92  140 30.00 0.000    1    2
   1   93  121 30.00 0.000    1    2
   1   94   92 34.00 0.165    1    2
   1   95   90 31.00 0.098    1    2
   1   96   92 30.00 0.057    1    2
   1   97   98 30.00 0.006    1    2
   1   98   94 30.00 0.005    1    2
   1   99  113 30.00 0.001    1    2
   1  100  101 30.00 0.029    1    2
