  simno it age mass belief env state
   1    1   99 46.00 0.998    0    2
   1    2   90 34.00 0.110    0    2
   1    3   94 40.00 0.265    0    2
   1    4   98 46.00 0.998    0    2
   1    5   98 46.00 0.999    0    2
   1    6   90 46.00 1.000    0    2
   1    7   92 46.00 1.000    0    2
   1    8   94 46.00 1.000    0    2
   1    9   84 46.00 1.000    0    2
   1   10  111 43.00 0.494    0    2
   1   11  102 46.00 0.989    0    2
   1   12   92 46.00 1.000    0    2
   1   13   98 46.00 0.999    0    2
   1   14  105 46.00 0.991    0    2
   1   15  108 46.00 0.988    0    2
   1   16   93 46.00 1.000    0    2
   1   17  111 46.00 0.976    0    2
   1   18  102 46.00 0.997    0    2
   1   19   99 46.00 0.999    0    2
   1   20  109 46.00 0.979    0    2
   1   21   92 46.00 1.000    0    2
   1   22   86 46.00 1.000    0    2
   1   23   94 46.00 0.999    0    2
   1   24  100 46.00 0.998    0    2
   1   25   95 46.00 0.999    0    2
   1   26   96 46.00 0.999    0    2
   1   27  100 46.00 0.998    0    2
   1   28   98 46.00 0.995    0    2
   1   29   94 46.00 1.000    0    2
   1   30  110 46.00 0.984    0    2
   1   31  106 45.00 0.844    0    2
   1   32  103 46.00 0.995    0    2
   1   33   97 46.00 0.996    0    2
   1   34   97 46.00 0.999    0    2
   1   35   94 46.00 0.998    0    2
   1   36   95 46.00 0.999    0    2
   1   37  102 46.00 0.997    0    2
   1   38  103 46.00 0.996    0    2
   1   39   89 46.00 1.000    0    2
   1   40   75 46.00 1.000    0    2
   1   41  109 46.00 0.963    0    2
   1   42  113 46.00 0.973    0    2
   1   43   82 46.00 1.000    0    2
   1   44   97 46.00 0.995    0    2
   1   45  101 46.00 0.992    0    2
   1   46   92 46.00 1.000    0    2
   1   47   96 46.00 0.999    0    2
   1   48  105 46.00 0.992    0    2
   1   49   90 46.00 1.000    0    2
   1   50  103 46.00 0.966    0    2
   1   51  102 46.00 0.990    0    2
   1   52   88 46.00 1.000    0    2
   1   53   91 46.00 1.000    0    2
   1   54  109 46.00 0.945    0    2
   1   55   95 35.00 0.135    0    2
   1   56  110 46.00 0.981    0    2
   1   57   89 46.00 1.000    0    2
   1   58  108 46.00 0.990    0    2
   1   59   96 46.00 0.999    0    2
   1   60   96 46.00 0.999    0    2
   1   61  111 46.00 0.981    0    2
   1   62  100 46.00 0.998    0    2
   1   63   94 46.00 1.000    0    2
   1   64   93 46.00 1.000    0    2
   1   65  101 46.00 0.996    0    2
   1   66  107 46.00 0.991    0    2
   1   67   97 46.00 0.999    0    2
   1   68   95 46.00 0.999    0    2
   1   69  104 46.00 0.995    0    2
   1   70  115 46.00 0.938    0    2
   1   71  101 46.00 0.997    0    2
   1   72  103 46.00 0.995    0    2
   1   73   99 46.00 0.998    0    2
   1   74  113 45.00 0.863    0    2
   1   75  100 46.00 0.998    0    2
   1   76  105 46.00 0.995    0    2
   1   77   99 46.00 0.998    0    2
   1   78  113 45.00 0.854    0    2
   1   79   96 46.00 0.999    0    2
   1   80  106 46.00 0.985    0    2
   1   81  105 46.00 0.989    0    2
   1   82  101 46.00 0.998    0    2
   1   83  114 46.00 0.947    0    2
   1   84  103 46.00 0.997    0    2
   1   85  109 46.00 0.986    0    2
   1   86   91 46.00 1.000    0    2
   1   87  107 45.00 0.868    0    2
   1   88   92 46.00 1.000    0    2
   1   89  108 46.00 0.984    0    2
   1   90  108 46.00 0.987    0    2
   1   91   96 46.00 0.999    0    2
   1   92   92 37.00 0.157    0    2
   1   93   96 46.00 0.999    0    2
   1   94  113 46.00 0.961    0    2
   1   95  112 46.00 0.972    0    2
   1   96  104 46.00 0.993    0    2
   1   97   77 46.00 1.000    0    2
   1   98   90 46.00 1.000    0    2
   1   99  108 46.00 0.988    0    2
   1  100   92 46.00 1.000    0    2
   1    1   96 40.00 0.273    1    2
   1    2   92 32.00 0.000    1    2
   1    3   87 34.00 0.108    1    2
   1    4   94 32.00 0.000    1    2
   1    5   83 32.00 0.007    1    2
   1    6   98 37.00 0.160    1    2
   1    7   88 32.00 0.010    1    2
   1    8   88 32.00 0.003    1    2
   1    9  110 40.00 0.273    1    2
   1   10   94 32.00 0.000    1    2
   1   11   87 32.00 0.037    1    2
   1   12   87 32.00 0.004    1    2
   1   13  118 45.00 0.751    1    2
   1   14   85 33.00 0.067    1    2
   1   15   85 35.00 0.112    1    2
   1   16   83 32.00 0.012    1    2
   1   17   90 32.00 0.000    1    2
   1   18   98 36.00 0.156    1    2
   1   19   86 32.00 0.005    1    2
   1   20   93 38.00 0.187    1    2
   1   21   94 32.00 0.000    1    2
   1   22   99 32.00 0.001    1    2
   1   23  103 32.00 0.000    1    2
   1   24   83 32.00 0.016    1    2
   1   25  103 42.00 0.430    1    2
   1   26   85 33.00 0.088    1    2
   1   27   93 32.00 0.002    1    2
   1   28   97 37.00 0.186    1    2
   1   29   84 33.00 0.070    1    2
   1   30   89 32.00 0.003    1    2
   1   31   84 32.00 0.034    1    2
   1   32   92 32.00 0.004    1    2
   1   33  113 42.00 0.412    1    2
   1   34   82 33.00 0.078    1    2
   1   35  112 46.00 0.974    1    2
   1   36   82 33.00 0.058    1    2
   1   37   99 35.00 0.129    1    2
   1   38   87 32.00 0.008    1    2
   1   39   95 32.00 0.000    1    2
   1   40   95 32.00 0.000    1    2
   1   41  113 44.00 0.619    1    2
   1   42  108 46.00 0.979    1    2
   1   43   94 36.00 0.155    1    2
   1   44  114 42.00 0.388    1    2
   1   45   81 32.00 0.027    1    2
   1   46   95 35.00 0.134    1    2
   1   47   95 32.00 0.001    1    2
   1   48   89 35.00 0.133    1    2
   1   49   93 34.00 0.113    1    2
   1   50   89 32.00 0.003    1    2
   1   51   80 33.00 0.065    1    2
   1   52   78 32.00 0.036    1    2
   1   53  100 39.00 0.256    1    2
   1   54  110 46.00 0.981    1    2
   1   55   78 32.00 0.024    1    2
   1   56   92 36.00 0.134    1    2
   1   57  103 32.00 0.000    1    2
   1   58   88 32.00 0.002    1    2
   1   59   90 32.00 0.000    1    2
   1   60   94 32.00 0.000    1    2
   1   61   83 32.00 0.023    1    2
   1   62   84 32.00 0.013    1    2
   1   63   91 34.00 0.111    1    2
   1   64   89 32.00 0.032    1    2
   1   65   90 32.00 0.000    1    2
   1   66   97 32.00 0.000    1    2
   1   67   86 32.00 0.002    1    2
   1   68   93 32.00 0.001    1    2
   1   69   99 37.00 0.185    1    2
   1   70   88 33.00 0.075    1    2
   1   71   98 32.00 0.000    1    2
   1   72  113 32.00 0.000    1    2
   1   73  106 41.00 0.335    1    2
   1   74  110 43.00 0.510    1    2
   1   75  110 46.00 0.934    1    2
   1   76  105 41.00 0.346    1    2
   1   77   84 32.00 0.027    1    2
   1   78  102 39.00 0.227    1    2
   1   79  103 32.00 0.000    1    2
   1   80   97 37.00 0.190    1    2
   1   81   90 32.00 0.000    1    2
   1   82   80 32.00 0.037    1    2
   1   83  109 41.00 0.352    1    2
   1   84   96 36.00 0.138    1    2
   1   85   97 37.00 0.160    1    2
   1   86   99 35.00 0.128    1    2
   1   87  112 41.00 0.323    1    2
   1   88   95 35.00 0.111    1    2
   1   89   88 32.00 0.001    1    2
   1   90  103 45.00 0.787    1    2
   1   91   81 32.00 0.026    1    2
   1   92   91 32.00 0.000    1    2
   1   93   87 32.00 0.033    1    2
   1   94   82 32.00 0.015    1    2
   1   95   96 46.00 0.999    1    2
   1   96   87 32.00 0.036    1    2
   1   97   85 32.00 0.010    1    2
   1   98  107 46.00 0.992    1    2
   1   99   92 32.00 0.000    1    2
   1  100   83 33.00 0.061    1    2
