  simno it age mass belief env state
   1    1   82 48.00 0.999    0    2
   1    2   79 48.00 1.000    0    2
   1    3   84 48.00 0.999    0    2
   1    4   91 48.00 0.975    0    2
   1    5   81 48.00 1.000    0    2
   1    6   75 48.00 1.000    0    2
   1    7   85 48.00 0.997    0    2
   1    8   66 48.00 1.000    0    2
   1    9   67 48.00 1.000    0    2
   1   10   78 48.00 1.000    0    2
   1   11   73 48.00 1.000    0    2
   1   12   80 48.00 1.000    0    2
   1   13   75 48.00 1.000    0    2
   1   14   72 48.00 1.000    0    2
   1   15   77 48.00 1.000    0    2
   1   16   75 48.00 1.000    0    2
   1   17   78 48.00 1.000    0    2
   1   18   80 48.00 1.000    0    2
   1   19   67 48.00 1.000    0    2
   1   20   75 48.00 1.000    0    2
   1   21   70 48.00 1.000    0    2
   1   22   86 48.00 0.998    0    2
   1   23   75 48.00 1.000    0    2
   1   24   72 48.00 1.000    0    2
   1   25   76 48.00 1.000    0    2
   1   26   73 48.00 1.000    0    2
   1   27   69 48.00 1.000    0    2
   1   28   66 48.00 1.000    0    2
   1   29   82 48.00 0.999    0    2
   1   30   82 48.00 0.999    0    2
   1   31   73 48.00 1.000    0    2
   1   32   70 48.00 1.000    0    2
   1   33   80 48.00 1.000    0    2
   1   34   85 48.00 0.998    0    2
   1   35   76 48.00 1.000    0    2
   1   36   88 48.00 0.995    0    2
   1   37   70 48.00 1.000    0    2
   1   38   88 48.00 0.994    0    2
   1   39   70 48.00 1.000    0    2
   1   40   74 48.00 1.000    0    2
   1   41   83 48.00 0.999    0    2
   1   42   88 48.00 0.995    0    2
   1   43   79 48.00 1.000    0    2
   1   44   89 48.00 0.997    0    2
   1   45   77 48.00 1.000    0    2
   1   46   79 48.00 1.000    0    2
   1   47   69 48.00 1.000    0    2
   1   48   80 48.00 1.000    0    2
   1   49   76 48.00 1.000    0    2
   1   50   69 48.00 1.000    0    2
   1   51   68 48.00 1.000    0    2
   1   52   63 48.00 1.000    0    2
   1   53   78 48.00 1.000    0    2
   1   54   64 48.00 1.000    0    2
   1   55   75 48.00 1.000    0    2
   1   56   88 48.00 0.994    0    2
   1   57   69 48.00 1.000    0    2
   1   58   89 48.00 0.996    0    2
   1   59   84 48.00 0.998    0    2
   1   60   80 48.00 1.000    0    2
   1   61   72 48.00 1.000    0    2
   1   62   86 48.00 0.996    0    2
   1   63   77 48.00 1.000    0    2
   1   64   79 48.00 1.000    0    2
   1   65   79 48.00 1.000    0    2
   1   66   81 48.00 0.999    0    2
   1   67   64 48.00 1.000    0    2
   1   68   87 48.00 0.997    0    2
   1   69   76 48.00 1.000    0    2
   1   70   76 48.00 1.000    0    2
   1   71   77 48.00 1.000    0    2
   1   72   87 48.00 0.998    0    2
   1   73   75 48.00 1.000    0    2
   1   74   68 48.00 1.000    0    2
   1   75   93 48.00 0.968    0    2
   1   76   74 48.00 1.000    0    2
   1   77   68 48.00 1.000    0    2
   1   78   75 48.00 1.000    0    2
   1   79   74 48.00 1.000    0    2
   1   80   75 48.00 1.000    0    2
   1   81   73 48.00 1.000    0    2
   1   82   74 48.00 1.000    0    2
   1   83   87 48.00 0.995    0    2
   1   84   96 36.00 0.187    0    2
   1   85   73 48.00 1.000    0    2
   1   86   82 48.00 0.999    0    2
   1   87   81 48.00 1.000    0    2
   1   88   76 48.00 1.000    0    2
   1   89   80 48.00 1.000    0    2
   1   90   71 48.00 1.000    0    2
   1   91   76 48.00 1.000    0    2
   1   92   69 48.00 1.000    0    2
   1   93   70 48.00 1.000    0    2
   1   94   79 48.00 1.000    0    2
   1   95   59 48.00 1.000    0    2
   1   96   75 48.00 1.000    0    2
   1   97   87 48.00 0.997    0    2
   1   98   71 48.00 1.000    0    2
   1   99   76 48.00 1.000    0    2
   1  100   71 48.00 1.000    0    2
   1    1   95 44.00 0.511    1    2
   1    2  114 30.00 0.001    1    2
   1    3  118 30.00 0.001    1    2
   1    4   90 48.00 0.986    1    2
   1    5   86 39.00 0.276    1    2
   1    6   93 30.00 0.015    1    2
   1    7  103 30.00 0.004    1    2
   1    8   79 36.00 0.205    1    2
   1    9   93 32.00 0.113    1    2
   1   10   76 31.00 0.096    1    2
   1   11   79 35.00 0.188    1    2
   1   12   86 31.00 0.104    1    2
   1   13   85 34.00 0.159    1    2
   1   14  110 30.00 0.001    1    2
   1   15   94 47.00 0.895    1    2
   1   16   97 30.00 0.025    1    2
   1   17   76 30.00 0.070    1    2
   1   18   90 30.00 0.048    1    2
   1   19   99 30.00 0.012    1    2
   1   20   89 30.00 0.035    1    2
   1   21   86 30.00 0.066    1    2
   1   22   93 43.00 0.460    1    2
   1   23   92 39.00 0.270    1    2
   1   24   87 35.00 0.170    1    2
   1   25   81 34.00 0.149    1    2
   1   26   83 30.00 0.060    1    2
   1   27   84 38.00 0.232    1    2
   1   28   80 36.00 0.183    1    2
   1   29   86 40.00 0.309    1    2
   1   30  106 30.00 0.003    1    2
   1   31   88 37.00 0.215    1    2
   1   32   94 46.00 0.727    1    2
   1   33   88 41.00 0.355    1    2
   1   34   91 42.00 0.390    1    2
   1   35   94 47.00 0.896    1    2
   1   36   84 32.00 0.124    1    2
   1   37  100 47.00 0.854    1    2
   1   38   76 30.00 0.073    1    2
   1   39  113 30.00 0.001    1    2
   1   40   91 30.00 0.012    1    2
   1   41   93 47.00 0.895    1    2
   1   42   80 35.00 0.166    1    2
   1   43   87 30.00 0.012    1    2
   1   44  109 30.00 0.001    1    2
   1   45   84 35.00 0.179    1    2
   1   46   76 30.00 0.068    1    2
   1   47   85 32.00 0.118    1    2
   1   48   86 30.00 0.031    1    2
   1   49   79 30.00 0.069    1    2
   1   50   86 40.00 0.303    1    2
   1   51   87 39.00 0.272    1    2
   1   52   84 30.00 0.047    1    2
   1   53   80 34.00 0.167    1    2
   1   54   95 47.00 0.894    1    2
   1   55   76 33.00 0.130    1    2
   1   56   84 35.00 0.174    1    2
   1   57   93 44.00 0.522    1    2
   1   58   78 32.00 0.120    1    2
   1   59   90 48.00 0.984    1    2
   1   60   78 30.00 0.069    1    2
   1   61  110 30.00 0.001    1    2
   1   62  107 30.00 0.003    1    2
   1   63   75 32.00 0.115    1    2
   1   64   97 47.00 0.831    1    2
   1   65   85 37.00 0.227    1    2
   1   66   82 36.00 0.183    1    2
   1   67   92 42.00 0.366    1    2
   1   68   97 48.00 0.947    1    2
   1   69  104 30.00 0.009    1    2
   1   70   75 30.00 0.071    1    2
   1   71   76 34.00 0.151    1    2
   1   72   79 30.00 0.065    1    2
   1   73   82 30.00 0.071    1    2
   1   74   94 30.00 0.004    1    2
   1   75   89 42.00 0.389    1    2
   1   76   86 37.00 0.199    1    2
   1   77   83 32.00 0.114    1    2
   1   78   81 30.00 0.052    1    2
   1   79   90 30.00 0.055    1    2
   1   80   78 31.00 0.099    1    2
   1   81  106 30.00 0.002    1    2
   1   82   91 42.00 0.372    1    2
   1   83   88 30.00 0.016    1    2
   1   84   96 43.00 0.432    1    2
   1   85   95 43.00 0.431    1    2
   1   86   80 30.00 0.067    1    2
   1   87   81 35.00 0.161    1    2
   1   88   94 47.00 0.888    1    2
   1   89  128 30.00 0.000    1    2
   1   90   89 42.00 0.410    1    2
   1   91   87 30.00 0.057    1    2
   1   92   79 35.00 0.187    1    2
   1   93   96 46.00 0.723    1    2
   1   94  110 30.00 0.003    1    2
   1   95  103 30.00 0.007    1    2
   1   96   80 30.00 0.065    1    2
   1   97   83 30.00 0.073    1    2
   1   98   94 44.00 0.501    1    2
   1   99   78 35.00 0.174    1    2
   1  100   96 46.00 0.742    1    2
