  simno it age mass belief env state
   1    1   79 48.00 0.999    0    2
   1    2   83 48.00 0.996    0    2
   1    3   74 48.00 1.000    0    2
   1    4   81 48.00 0.998    0    2
   1    5   91 47.00 0.821    0    2
   1    6   79 48.00 0.999    0    2
   1    7   75 48.00 1.000    0    2
   1    8   77 48.00 1.000    0    2
   1    9   74 48.00 1.000    0    2
   1   10   68 48.00 1.000    0    2
   1   11   75 48.00 1.000    0    2
   1   12   75 48.00 1.000    0    2
   1   13   63 48.00 1.000    0    2
   1   14   77 48.00 1.000    0    2
   1   15   73 48.00 1.000    0    2
   1   16   67 48.00 1.000    0    2
   1   17   77 48.00 1.000    0    2
   1   18   69 48.00 1.000    0    2
   1   19   69 48.00 1.000    0    2
   1   20   68 48.00 1.000    0    2
   1   21   72 48.00 1.000    0    2
   1   22   74 48.00 1.000    0    2
   1   23   68 48.00 1.000    0    2
   1   24   65 48.00 1.000    0    2
   1   25   61 48.00 1.000    0    2
   1   26   71 48.00 1.000    0    2
   1   27   75 48.00 1.000    0    2
   1   28   83 48.00 0.996    0    2
   1   29   67 48.00 1.000    0    2
   1   30   77 48.00 1.000    0    2
   1   31   83 48.00 0.997    0    2
   1   32   70 48.00 1.000    0    2
   1   33   71 48.00 1.000    0    2
   1   34   68 48.00 1.000    0    2
   1   35   78 48.00 1.000    0    2
   1   36   75 48.00 1.000    0    2
   1   37   81 48.00 0.998    0    2
   1   38   76 48.00 1.000    0    2
   1   39   81 48.00 0.998    0    2
   1   40   77 48.00 1.000    0    2
   1   41   76 48.00 1.000    0    2
   1   42   63 48.00 1.000    0    2
   1   43   68 48.00 1.000    0    2
   1   44   76 48.00 1.000    0    2
   1   45   91 47.00 0.829    0    2
   1   46   70 48.00 1.000    0    2
   1   47   88 48.00 0.971    0    2
   1   48   69 48.00 1.000    0    2
   1   49   83 48.00 0.996    0    2
   1   50   84 48.00 0.995    0    2
   1   51   76 48.00 1.000    0    2
   1   52   72 48.00 1.000    0    2
   1   53   78 48.00 1.000    0    2
   1   54   80 48.00 0.999    0    2
   1   55   78 48.00 1.000    0    2
   1   56   73 48.00 1.000    0    2
   1   57   81 48.00 0.999    0    2
   1   58   83 48.00 0.997    0    2
   1   59   70 48.00 1.000    0    2
   1   60   74 48.00 1.000    0    2
   1   61   70 48.00 1.000    0    2
   1   62   74 48.00 1.000    0    2
   1   63   87 48.00 0.985    0    2
   1   64   70 48.00 1.000    0    2
   1   65   72 48.00 1.000    0    2
   1   66   69 48.00 1.000    0    2
   1   67   84 48.00 0.995    0    2
   1   68   68 48.00 1.000    0    2
   1   69   91 47.00 0.784    0    2
   1   70   74 48.00 1.000    0    2
   1   71   75 48.00 1.000    0    2
   1   72   71 48.00 1.000    0    2
   1   73   76 48.00 1.000    0    2
   1   74   75 48.00 1.000    0    2
   1   75   82 48.00 0.998    0    2
   1   76   77 48.00 1.000    0    2
   1   77   81 48.00 0.998    0    2
   1   78   69 48.00 1.000    0    2
   1   79   85 48.00 0.990    0    2
   1   80   72 48.00 1.000    0    2
   1   81   80 48.00 0.999    0    2
   1   82   87 48.00 0.985    0    2
   1   83   67 48.00 1.000    0    2
   1   84   73 48.00 1.000    0    2
   1   85   72 48.00 1.000    0    2
   1   86   70 48.00 1.000    0    2
   1   87   68 48.00 1.000    0    2
   1   88   78 48.00 1.000    0    2
   1   89   69 48.00 1.000    0    2
   1   90   70 48.00 1.000    0    2
   1   91   71 48.00 1.000    0    2
   1   92   79 48.00 0.999    0    2
   1   93   76 48.00 1.000    0    2
   1   94   72 48.00 1.000    0    2
   1   95   67 48.00 1.000    0    2
   1   96   90 47.00 0.852    0    2
   1   97   77 48.00 1.000    0    2
   1   98   67 48.00 1.000    0    2
   1   99   83 48.00 0.997    0    2
   1  100   76 48.00 1.000    0    2
   1    1   79 37.00 0.139    1    2
   1    2   73 32.00 0.027    1    2
   1    3   89 48.00 0.966    1    2
   1    4   81 32.00 0.001    1    2
   1    5   74 34.00 0.081    1    2
   1    6   76 35.00 0.089    1    2
   1    7   90 48.00 0.945    1    2
   1    8   83 48.00 0.996    1    2
   1    9   85 41.00 0.241    1    2
   1   10   85 41.00 0.233    1    2
   1   11   90 47.00 0.851    1    2
   1   12   77 36.00 0.122    1    2
   1   13   81 38.00 0.139    1    2
   1   14   77 36.00 0.117    1    2
   1   15   77 36.00 0.123    1    2
   1   16   76 32.00 0.008    1    2
   1   17   80 38.00 0.171    1    2
   1   18   88 48.00 0.969    1    2
   1   19   90 32.00 0.000    1    2
   1   20   86 48.00 0.988    1    2
   1   21   90 44.00 0.379    1    2
   1   22   83 40.00 0.234    1    2
   1   23   80 38.00 0.165    1    2
   1   24   73 32.00 0.026    1    2
   1   25   73 33.00 0.060    1    2
   1   26   90 48.00 0.925    1    2
   1   27   74 34.00 0.086    1    2
   1   28   82 39.00 0.173    1    2
   1   29   80 38.00 0.169    1    2
   1   30   74 34.00 0.081    1    2
   1   31   81 38.00 0.127    1    2
   1   32   74 34.00 0.086    1    2
   1   33   83 40.00 0.231    1    2
   1   34   75 32.00 0.012    1    2
   1   35   74 34.00 0.084    1    2
   1   36   77 32.00 0.006    1    2
   1   37   76 32.00 0.008    1    2
   1   38   73 32.00 0.027    1    2
   1   39   74 32.00 0.018    1    2
   1   40   80 38.00 0.177    1    2
   1   41   91 47.00 0.784    1    2
   1   42   73 33.00 0.055    1    2
   1   43   82 32.00 0.001    1    2
   1   44   91 48.00 0.905    1    2
   1   45   95 32.00 0.000    1    2
   1   46   74 34.00 0.083    1    2
   1   47   73 33.00 0.072    1    2
   1   48   73 33.00 0.056    1    2
   1   49   73 33.00 0.063    1    2
   1   50   91 47.00 0.851    1    2
   1   51   79 37.00 0.123    1    2
   1   52   73 33.00 0.056    1    2
   1   53   76 35.00 0.082    1    2
   1   54   88 43.00 0.376    1    2
   1   55   73 32.00 0.026    1    2
   1   56   93 32.00 0.000    1    2
   1   57   73 33.00 0.057    1    2
   1   58   79 37.00 0.118    1    2
   1   59   87 42.00 0.284    1    2
   1   60   76 35.00 0.085    1    2
   1   61   73 33.00 0.060    1    2
   1   62   91 47.00 0.791    1    2
   1   63   80 32.00 0.002    1    2
   1   64   86 48.00 0.987    1    2
   1   65   75 32.00 0.012    1    2
   1   66   91 45.00 0.480    1    2
   1   67   91 47.00 0.832    1    2
   1   68   85 41.00 0.246    1    2
   1   69   92 46.00 0.598    1    2
   1   70   73 33.00 0.056    1    2
   1   71   79 37.00 0.117    1    2
   1   72   82 39.00 0.179    1    2
   1   73   76 32.00 0.009    1    2
   1   74   88 43.00 0.339    1    2
   1   75   77 36.00 0.132    1    2
   1   76   73 32.00 0.026    1    2
   1   77   83 32.00 0.001    1    2
   1   78   76 32.00 0.009    1    2
   1   79   83 40.00 0.229    1    2
   1   80   77 36.00 0.117    1    2
   1   81   73 33.00 0.056    1    2
   1   82   87 42.00 0.273    1    2
   1   83   85 41.00 0.265    1    2
   1   84   79 37.00 0.143    1    2
   1   85   74 34.00 0.081    1    2
   1   86   84 40.00 0.183    1    2
   1   87   89 44.00 0.402    1    2
   1   88   74 32.00 0.019    1    2
   1   89   77 32.00 0.006    1    2
   1   90   86 48.00 0.988    1    2
   1   91   73 33.00 0.059    1    2
   1   92   84 40.00 0.231    1    2
   1   93   82 39.00 0.169    1    2
   1   94   89 48.00 0.963    1    2
   1   95   76 32.00 0.008    1    2
   1   96   85 41.00 0.241    1    2
   1   97   91 47.00 0.861    1    2
   1   98   73 32.00 0.027    1    2
   1   99   80 38.00 0.165    1    2
   1  100   88 43.00 0.375    1    2
