  simno it age mass belief env state
   1    1   99 45.00 0.751    0    2
   1    2   86 32.00 0.005    0    2
   1    3   78 33.00 0.062    0    2
   1    4   95 46.00 0.943    0    2
   1    5  105 46.00 0.990    0    2
   1    6  104 46.00 0.994    0    2
   1    7  107 46.00 0.983    0    2
   1    8  101 46.00 0.996    0    2
   1    9   97 46.00 0.999    0    2
   1   10   89 40.00 0.270    0    2
   1   11   96 44.00 0.644    0    2
   1   12   99 46.00 0.998    0    2
   1   13  104 46.00 0.994    0    2
   1   14   80 33.00 0.084    0    2
   1   15  115 45.00 0.768    0    2
   1   16  106 46.00 0.987    0    2
   1   17  112 44.00 0.627    0    2
   1   18  108 46.00 0.960    0    2
   1   19  106 46.00 0.988    0    2
   1   20   91 45.00 0.865    0    2
   1   21  103 46.00 0.991    0    2
   1   22  107 46.00 0.989    0    2
   1   23   80 46.00 1.000    0    2
   1   24  110 45.00 0.852    0    2
   1   25   95 40.00 0.278    0    2
   1   26  112 45.00 0.856    0    2
   1   27   82 33.00 0.074    0    2
   1   28   92 46.00 0.999    0    2
   1   29   94 46.00 0.998    0    2
   1   30  109 45.00 0.864    0    2
   1   31  103 45.00 0.779    0    2
   1   32   84 35.00 0.133    0    2
   1   33   93 45.00 0.861    0    2
   1   34  105 46.00 0.993    0    2
   1   35   77 33.00 0.058    0    2
   1   36   99 46.00 0.974    0    2
   1   37  110 46.00 0.925    0    2
   1   38  109 46.00 0.985    0    2
   1   39  100 46.00 0.988    0    2
   1   40  116 45.00 0.870    0    2
   1   41  102 46.00 0.929    0    2
   1   42  105 44.00 0.611    0    2
   1   43  106 46.00 0.987    0    2
   1   44  111 46.00 0.959    0    2
   1   45   91 46.00 1.000    0    2
   1   46  110 46.00 0.967    0    2
   1   47   89 46.00 1.000    0    2
   1   48  106 44.00 0.660    0    2
   1   49  111 45.00 0.755    0    2
   1   50  105 46.00 0.938    0    2
   1   51   98 46.00 0.941    0    2
   1   52   90 41.00 0.345    0    2
   1   53  104 46.00 0.974    0    2
   1   54   97 45.00 0.801    0    2
   1   55   92 46.00 0.993    0    2
   1   56   92 32.00 0.022    0    2
   1   57  106 46.00 0.993    0    2
   1   58  105 46.00 0.926    0    2
   1   59   81 36.00 0.133    0    2
   1   60  109 45.00 0.855    0    2
   1   61  109 46.00 0.968    0    2
   1   62   99 46.00 0.998    0    2
   1   63  113 46.00 0.927    0    2
   1   64   80 33.00 0.059    0    2
   1   65   91 46.00 1.000    0    2
   1   66   92 46.00 0.999    0    2
   1   67   89 32.00 0.001    0    2
   1   68  110 44.00 0.657    0    2
   1   69  104 42.00 0.387    0    2
   1   70   82 32.00 0.008    0    2
   1   71   81 32.00 0.030    0    2
   1   72   95 46.00 0.995    0    2
   1   73  107 46.00 0.980    0    2
   1   74   79 33.00 0.073    0    2
   1   75  109 46.00 0.927    0    2
   1   76   94 40.00 0.266    0    2
   1   77  104 46.00 0.935    0    2
   1   78   84 34.00 0.090    0    2
   1   79   97 45.00 0.794    0    2
   1   80   78 32.00 0.032    0    2
   1   81   81 35.00 0.112    0    2
   1   82  103 46.00 0.982    0    2
   1   83   81 35.00 0.142    0    2
   1   84  100 46.00 0.982    0    2
   1   85   91 44.00 0.652    0    2
   1   86  111 46.00 0.949    0    2
   1   87   84 33.00 0.077    0    2
   1   88   96 46.00 0.999    0    2
   1   89  101 45.00 0.857    0    2
   1   90  106 42.00 0.430    0    2
   1   91   94 46.00 0.984    0    2
   1   92  100 44.00 0.642    0    2
   1   93  111 46.00 0.961    0    2
   1   94   83 36.00 0.151    0    2
   1   95   93 45.00 0.820    0    2
   1   96   98 46.00 0.986    0    2
   1   97   94 45.00 0.789    0    2
   1   98  107 46.00 0.990    0    2
   1   99  118 44.00 0.665    0    2
   1  100  108 46.00 0.980    0    2
   1    1   85 32.00 0.001    1    2
   1    2   99 32.00 0.000    1    2
   1    3   95 32.00 0.000    1    2
   1    4   85 32.00 0.002    1    2
   1    5   94 32.00 0.000    1    2
   1    6   92 32.00 0.000    1    2
   1    7   87 32.00 0.002    1    2
   1    8  101 32.00 0.000    1    2
   1    9   96 32.00 0.000    1    2
   1   10   87 32.00 0.000    1    2
   1   11   83 32.00 0.003    1    2
   1   12   91 32.00 0.000    1    2
   1   13   93 32.00 0.000    1    2
   1   14   98 32.00 0.000    1    2
   1   15   75 32.00 0.036    1    2
   1   16   93 32.00 0.000    1    2
   1   17   94 32.00 0.000    1    2
   1   18   80 32.00 0.009    1    2
   1   19  129 32.00 0.000    1    2
   1   20  108 32.00 0.000    1    2
   1   21   85 33.00 0.076    1    2
   1   22   97 32.00 0.000    1    2
   1   23  108 32.00 0.000    1    2
   1   24   86 32.00 0.001    1    2
   1   25   86 32.00 0.000    1    2
   1   26   80 32.00 0.016    1    2
   1   27   88 32.00 0.000    1    2
   1   28   99 45.00 0.761    1    2
   1   29   85 32.00 0.002    1    2
   1   30  102 32.00 0.000    1    2
   1   31   89 32.00 0.000    1    2
   1   32  106 32.00 0.000    1    2
   1   33   84 32.00 0.004    1    2
   1   34  106 32.00 0.000    1    2
   1   35   93 32.00 0.000    1    2
   1   36   89 32.00 0.000    1    2
   1   37   96 32.00 0.000    1    2
   1   38   94 35.00 0.114    1    2
   1   39   86 32.00 0.000    1    2
   1   40   85 37.00 0.193    1    2
   1   41  101 32.00 0.000    1    2
   1   42   91 32.00 0.000    1    2
   1   43   95 32.00 0.000    1    2
   1   44   90 38.00 0.185    1    2
   1   45   93 32.00 0.000    1    2
   1   46   93 32.00 0.000    1    2
   1   47   94 32.00 0.000    1    2
   1   48   86 32.00 0.000    1    2
   1   49  102 32.00 0.000    1    2
   1   50   89 32.00 0.000    1    2
   1   51   92 32.00 0.000    1    2
   1   52   89 32.00 0.000    1    2
   1   53   85 32.00 0.000    1    2
   1   54   84 32.00 0.001    1    2
   1   55   78 32.00 0.036    1    2
   1   56   75 32.00 0.036    1    2
   1   57  101 32.00 0.000    1    2
   1   58   86 32.00 0.000    1    2
   1   59   98 32.00 0.000    1    2
   1   60  105 32.00 0.000    1    2
   1   61   88 32.00 0.000    1    2
   1   62   98 32.00 0.000    1    2
   1   63   88 32.00 0.000    1    2
   1   64   93 32.00 0.000    1    2
   1   65   84 32.00 0.003    1    2
   1   66   98 32.00 0.000    1    2
   1   67  104 32.00 0.000    1    2
   1   68  111 32.00 0.000    1    2
   1   69   97 32.00 0.000    1    2
   1   70   85 32.00 0.001    1    2
   1   71   91 32.00 0.000    1    2
   1   72   91 32.00 0.000    1    2
   1   73  102 32.00 0.000    1    2
   1   74  115 32.00 0.000    1    2
   1   75  109 32.00 0.000    1    2
   1   76   93 32.00 0.000    1    2
   1   77   89 32.00 0.000    1    2
   1   78   78 32.00 0.037    1    2
   1   79   91 32.00 0.000    1    2
   1   80   91 38.00 0.185    1    2
   1   81  115 32.00 0.000    1    2
   1   82   87 32.00 0.000    1    2
   1   83  103 32.00 0.000    1    2
   1   84  107 32.00 0.000    1    2
   1   85   88 32.00 0.001    1    2
   1   86   90 32.00 0.001    1    2
   1   87   94 32.00 0.000    1    2
   1   88   84 32.00 0.002    1    2
   1   89   93 32.00 0.000    1    2
   1   90   87 32.00 0.001    1    2
   1   91  112 32.00 0.000    1    2
   1   92   79 32.00 0.019    1    2
   1   93   91 32.00 0.000    1    2
   1   94   91 32.00 0.000    1    2
   1   95   90 32.00 0.000    1    2
   1   96   98 32.00 0.000    1    2
   1   97   85 32.00 0.000    1    2
   1   98   90 32.00 0.000    1    2
   1   99   80 32.00 0.010    1    2
   1  100   93 32.00 0.000    1    2
