  simno it age mass belief env state
   1    1   84 48.00 0.947    0    2
   1    2   78 48.00 0.995    0    2
   1    3   85 46.00 0.669    0    2
   1    4   85 46.00 0.655    0    2
   1    5   72 48.00 1.000    0    2
   1    6   85 47.00 0.811    0    2
   1    7   81 48.00 0.983    0    2
   1    8   84 48.00 0.946    0    2
   1    9   66 48.00 1.000    0    2
   1   10   79 48.00 0.993    0    2
   1   11   74 48.00 0.999    0    2
   1   12   77 48.00 0.997    0    2
   1   13   80 48.00 0.990    0    2
   1   14   83 48.00 0.963    0    2
   1   15   73 48.00 0.999    0    2
   1   16   84 48.00 0.936    0    2
   1   17   84 48.00 0.937    0    2
   1   18   76 48.00 0.998    0    2
   1   19   73 48.00 0.999    0    2
   1   20   77 48.00 0.997    0    2
   1   21   82 48.00 0.971    0    2
   1   22   83 48.00 0.957    0    2
   1   23   81 48.00 0.980    0    2
   1   24   82 43.00 0.360    0    2
   1   25   84 48.00 0.935    0    2
   1   26   64 48.00 1.000    0    2
   1   27   80 48.00 0.988    0    2
   1   28   70 48.00 1.000    0    2
   1   29   83 48.00 0.958    0    2
   1   30   81 48.00 0.985    0    2
   1   31   85 47.00 0.813    0    2
   1   32   80 48.00 0.987    0    2
   1   33   77 48.00 0.997    0    2
   1   34   85 46.00 0.655    0    2
   1   35   72 48.00 1.000    0    2
   1   36   78 48.00 0.995    0    2
   1   37   67 48.00 1.000    0    2
   1   38   74 48.00 0.999    0    2
   1   39   83 48.00 0.958    0    2
   1   40   75 48.00 0.998    0    2
   1   41   79 48.00 0.992    0    2
   1   42   73 48.00 0.999    0    2
   1   43   74 48.00 0.999    0    2
   1   44   85 46.00 0.655    0    2
   1   45   81 42.00 0.279    0    2
   1   46   67 33.00 0.069    0    2
   1   47   85 47.00 0.833    0    2
   1   48   81 48.00 0.985    0    2
   1   49   73 48.00 0.999    0    2
   1   50   79 48.00 0.992    0    2
   1   51   82 48.00 0.979    0    2
   1   52   84 48.00 0.938    0    2
   1   53   85 46.00 0.661    0    2
   1   54   73 48.00 0.999    0    2
   1   55   75 48.00 0.998    0    2
   1   56   76 39.00 0.200    0    2
   1   57   75 48.00 0.999    0    2
   1   58   76 48.00 0.998    0    2
   1   59   81 48.00 0.981    0    2
   1   60   85 47.00 0.812    0    2
   1   61   84 48.00 0.944    0    2
   1   62   85 45.00 0.464    0    2
   1   63   57 48.00 1.000    0    2
   1   64   81 48.00 0.985    0    2
   1   65   85 48.00 0.911    0    2
   1   66   74 48.00 0.999    0    2
   1   67   85 46.00 0.661    0    2
   1   68   80 48.00 0.987    0    2
   1   69   84 48.00 0.945    0    2
   1   70   79 48.00 0.993    0    2
   1   71   76 48.00 0.998    0    2
   1   72   80 48.00 0.988    0    2
   1   73   65 48.00 1.000    0    2
   1   74   63 48.00 1.000    0    2
   1   75   85 45.00 0.458    0    2
   1   76   81 48.00 0.983    0    2
   1   77   77 48.00 0.996    0    2
   1   78   68 48.00 1.000    0    2
   1   79   75 48.00 0.998    0    2
   1   80   81 48.00 0.983    0    2
   1   81   78 48.00 0.995    0    2
   1   82   72 48.00 1.000    0    2
   1   83   81 42.00 0.285    0    2
   1   84   69 34.00 0.073    0    2
   1   85   85 48.00 0.921    0    2
   1   86   84 48.00 0.946    0    2
   1   87   70 35.00 0.100    0    2
   1   88   85 47.00 0.813    0    2
   1   89   82 43.00 0.360    0    2
   1   90   80 48.00 0.989    0    2
   1   91   75 38.00 0.149    0    2
   1   92   77 48.00 0.997    0    2
   1   93   79 48.00 0.992    0    2
   1   94   78 48.00 0.995    0    2
   1   95   69 48.00 1.000    0    2
   1   96   75 48.00 0.999    0    2
   1   97   82 48.00 0.973    0    2
   1   98   82 48.00 0.970    0    2
   1   99   84 48.00 0.942    0    2
   1  100   82 43.00 0.366    0    2
   1    1   85 32.00 0.000    1    2
   1    2   71 32.00 0.008    1    2
   1    3   92 32.00 0.000    1    2
   1    4   91 32.00 0.000    1    2
   1    5   70 32.00 0.012    1    2
   1    6   70 35.00 0.103    1    2
   1    7   90 32.00 0.000    1    2
   1    8   77 32.00 0.001    1    2
   1    9   73 32.00 0.004    1    2
   1   10   75 32.00 0.002    1    2
   1   11   72 36.00 0.109    1    2
   1   12   69 32.00 0.016    1    2
   1   13   83 32.00 0.000    1    2
   1   14   93 32.00 0.000    1    2
   1   15   94 32.00 0.000    1    2
   1   16   70 32.00 0.011    1    2
   1   17   82 32.00 0.001    1    2
   1   18   80 41.00 0.202    1    2
   1   19   76 32.00 0.001    1    2
   1   20   75 32.00 0.002    1    2
   1   21   70 35.00 0.102    1    2
   1   22   75 32.00 0.002    1    2
   1   23   76 32.00 0.001    1    2
   1   24   80 32.00 0.000    1    2
   1   25   80 32.00 0.000    1    2
   1   26   76 32.00 0.001    1    2
   1   27   72 32.00 0.005    1    2
   1   28   87 32.00 0.000    1    2
   1   29   69 32.00 0.016    1    2
   1   30   86 32.00 0.000    1    2
   1   31   81 42.00 0.273    1    2
   1   32   74 32.00 0.003    1    2
   1   33   77 32.00 0.001    1    2
   1   34   79 32.00 0.000    1    2
   1   35   68 32.00 0.025    1    2
   1   36   67 32.00 0.032    1    2
   1   37   72 32.00 0.005    1    2
   1   38   87 32.00 0.000    1    2
   1   39   82 32.00 0.000    1    2
   1   40   83 32.00 0.000    1    2
   1   41   93 32.00 0.000    1    2
   1   42   74 32.00 0.003    1    2
   1   43  103 32.00 0.000    1    2
   1   44   89 32.00 0.000    1    2
   1   45   87 32.00 0.000    1    2
   1   46   83 32.00 0.000    1    2
   1   47   90 32.00 0.000    1    2
   1   48   87 32.00 0.000    1    2
   1   49   78 32.00 0.001    1    2
   1   50   80 32.00 0.000    1    2
   1   51   79 32.00 0.000    1    2
   1   52   82 32.00 0.000    1    2
   1   53   73 32.00 0.004    1    2
   1   54   73 32.00 0.003    1    2
   1   55   78 32.00 0.001    1    2
   1   56   74 32.00 0.003    1    2
   1   57   83 32.00 0.000    1    2
   1   58   89 32.00 0.000    1    2
   1   59   89 32.00 0.000    1    2
   1   60   76 32.00 0.001    1    2
   1   61   75 32.00 0.002    1    2
   1   62   67 33.00 0.069    1    2
   1   63   76 32.00 0.001    1    2
   1   64   68 32.00 0.025    1    2
   1   65   83 32.00 0.000    1    2
   1   66   78 32.00 0.001    1    2
   1   67   81 32.00 0.000    1    2
   1   68   88 32.00 0.000    1    2
   1   69   92 32.00 0.000    1    2
   1   70   68 33.00 0.050    1    2
   1   71   67 33.00 0.072    1    2
   1   72   75 32.00 0.002    1    2
   1   73   83 32.00 0.000    1    2
   1   74   77 32.00 0.001    1    2
   1   75   86 32.00 0.000    1    2
   1   76   72 32.00 0.005    1    2
   1   77   78 32.00 0.001    1    2
   1   78   97 32.00 0.000    1    2
   1   79   68 32.00 0.023    1    2
   1   80   84 32.00 0.000    1    2
   1   81   84 32.00 0.000    1    2
   1   82   84 32.00 0.000    1    2
   1   83   79 32.00 0.000    1    2
   1   84  100 32.00 0.000    1    2
   1   85  105 32.00 0.000    1    2
   1   86   71 32.00 0.007    1    2
   1   87   97 32.00 0.000    1    2
   1   88   75 32.00 0.002    1    2
   1   89   91 32.00 0.000    1    2
   1   90   67 33.00 0.069    1    2
   1   91   69 32.00 0.016    1    2
   1   92   82 32.00 0.000    1    2
   1   93   71 32.00 0.008    1    2
   1   94   83 32.00 0.000    1    2
   1   95   69 32.00 0.015    1    2
   1   96   99 32.00 0.000    1    2
   1   97   79 32.00 0.000    1    2
   1   98   78 32.00 0.001    1    2
   1   99   67 32.00 0.032    1    2
   1  100   71 32.00 0.008    1    2
