  simno it age mass belief env state
   1    1   95 46.00 0.999    0    2
   1    2   95 36.00 0.167    0    2
   1    3   93 39.00 0.233    0    2
   1    4   94 46.00 0.999    0    2
   1    5   93 46.00 1.000    0    2
   1    6   93 46.00 0.999    0    2
   1    7   92 46.00 0.999    0    2
   1    8   85 46.00 1.000    0    2
   1    9   86 46.00 1.000    0    2
   1   10  107 40.00 0.290    0    2
   1   11   91 46.00 0.998    0    2
   1   12   87 46.00 1.000    0    2
   1   13   85 46.00 1.000    0    2
   1   14  108 45.00 0.849    0    2
   1   15   82 46.00 1.000    0    2
   1   16  101 46.00 0.996    0    2
   1   17  104 46.00 0.982    0    2
   1   18   99 46.00 0.985    0    2
   1   19   95 46.00 0.999    0    2
   1   20   87 46.00 1.000    0    2
   1   21  114 45.00 0.868    0    2
   1   22  102 46.00 0.996    0    2
   1   23   93 46.00 1.000    0    2
   1   24   97 46.00 0.999    0    2
   1   25   94 46.00 0.997    0    2
   1   26  100 46.00 0.997    0    2
   1   27  103 46.00 0.995    0    2
   1   28  111 46.00 0.972    0    2
   1   29   98 46.00 0.984    0    2
   1   30   91 46.00 1.000    0    2
   1   31  113 45.00 0.857    0    2
   1   32  105 46.00 0.994    0    2
   1   33  106 46.00 0.990    0    2
   1   34   92 46.00 0.958    0    2
   1   35   98 46.00 0.999    0    2
   1   36   94 46.00 0.998    0    2
   1   37   95 46.00 0.999    0    2
   1   38   99 46.00 0.998    0    2
   1   39   96 46.00 0.999    0    2
   1   40   81 46.00 1.000    0    2
   1   41  108 46.00 0.971    0    2
   1   42  108 46.00 0.981    0    2
   1   43   88 46.00 1.000    0    2
   1   44  106 46.00 0.988    0    2
   1   45  105 46.00 0.983    0    2
   1   46   91 46.00 1.000    0    2
   1   47   94 46.00 0.998    0    2
   1   48   93 46.00 0.999    0    2
   1   49  105 46.00 0.990    0    2
   1   50  106 46.00 0.989    0    2
   1   51   95 45.00 0.861    0    2
   1   52   97 46.00 0.997    0    2
   1   53   95 46.00 0.999    0    2
   1   54  108 46.00 0.918    0    2
   1   55  103 42.00 0.391    0    2
   1   56   93 46.00 0.999    0    2
   1   57   84 46.00 1.000    0    2
   1   58   92 45.00 0.868    0    2
   1   59  111 46.00 0.941    0    2
   1   60   95 46.00 0.998    0    2
   1   61   99 46.00 0.991    0    2
   1   62   93 46.00 0.999    0    2
   1   63   94 46.00 0.999    0    2
   1   64   94 46.00 0.999    0    2
   1   65   93 46.00 1.000    0    2
   1   66  100 46.00 0.997    0    2
   1   67   80 46.00 1.000    0    2
   1   68   79 46.00 1.000    0    2
   1   69  100 45.00 0.830    0    2
   1   70  100 45.00 0.812    0    2
   1   71  114 45.00 0.858    0    2
   1   72  112 45.00 0.820    0    2
   1   73   95 43.00 0.520    0    2
   1   74   88 46.00 1.000    0    2
   1   75   90 46.00 1.000    0    2
   1   76   91 46.00 0.988    0    2
   1   77  111 46.00 0.947    0    2
   1   78  108 45.00 0.811    0    2
   1   79   93 46.00 1.000    0    2
   1   80   88 46.00 0.999    0    2
   1   81   89 46.00 1.000    0    2
   1   82  101 46.00 0.995    0    2
   1   83  101 46.00 0.963    0    2
   1   84  105 46.00 0.984    0    2
   1   85  118 45.00 0.811    0    2
   1   86   97 46.00 0.999    0    2
   1   87   99 46.00 0.993    0    2
   1   88   82 46.00 1.000    0    2
   1   89   91 46.00 0.995    0    2
   1   90   74 46.00 1.000    0    2
   1   91  106 46.00 0.982    0    2
   1   92  110 46.00 0.914    0    2
   1   93  103 46.00 0.984    0    2
   1   94  111 42.00 0.383    0    2
   1   95   95 46.00 0.999    0    2
   1   96   94 46.00 1.000    0    2
   1   97  110 46.00 0.945    0    2
   1   98   95 46.00 0.992    0    2
   1   99   82 46.00 1.000    0    2
   1  100   96 46.00 0.999    0    2
   1    1   79 32.00 0.005    1    2
   1    2   85 39.00 0.254    1    2
   1    3   96 39.00 0.233    1    2
   1    4   74 32.00 0.030    1    2
   1    5   80 35.00 0.110    1    2
   1    6   74 32.00 0.034    1    2
   1    7   84 32.00 0.002    1    2
   1    8   79 34.00 0.097    1    2
   1    9   75 32.00 0.033    1    2
   1   10   90 36.00 0.152    1    2
   1   11   77 32.00 0.031    1    2
   1   12   79 33.00 0.078    1    2
   1   13  105 39.00 0.260    1    2
   1   14   87 32.00 0.000    1    2
   1   15   94 39.00 0.221    1    2
   1   16   77 32.00 0.010    1    2
   1   17   76 32.00 0.039    1    2
   1   18   74 33.00 0.078    1    2
   1   19   91 32.00 0.000    1    2
   1   20   75 33.00 0.068    1    2
   1   21   84 32.00 0.001    1    2
   1   22   78 32.00 0.022    1    2
   1   23   83 32.00 0.002    1    2
   1   24   95 36.00 0.137    1    2
   1   25   85 35.00 0.142    1    2
   1   26   84 32.00 0.001    1    2
   1   27   76 32.00 0.018    1    2
   1   28   85 32.00 0.000    1    2
   1   29   87 32.00 0.000    1    2
   1   30   75 32.00 0.035    1    2
   1   31  103 39.00 0.249    1    2
   1   32   77 32.00 0.014    1    2
   1   33   92 32.00 0.000    1    2
   1   34  102 43.00 0.512    1    2
   1   35   78 32.00 0.007    1    2
   1   36   77 34.00 0.106    1    2
   1   37   77 33.00 0.087    1    2
   1   38   86 32.00 0.002    1    2
   1   39   80 37.00 0.181    1    2
   1   40   84 32.00 0.004    1    2
   1   41   96 44.00 0.626    1    2
   1   42   87 32.00 0.002    1    2
   1   43   75 34.00 0.116    1    2
   1   44   86 40.00 0.277    1    2
   1   45   86 35.00 0.119    1    2
   1   46   88 36.00 0.137    1    2
   1   47   84 32.00 0.001    1    2
   1   48   77 32.00 0.040    1    2
   1   49   78 33.00 0.059    1    2
   1   50  110 45.00 0.875    1    2
   1   51   93 32.00 0.001    1    2
   1   52   78 33.00 0.073    1    2
   1   53   77 32.00 0.018    1    2
   1   54   93 40.00 0.277    1    2
   1   55   84 32.00 0.004    1    2
   1   56   94 39.00 0.223    1    2
   1   57   77 34.00 0.099    1    2
   1   58   81 33.00 0.089    1    2
   1   59   76 32.00 0.020    1    2
   1   60   79 33.00 0.077    1    2
   1   61   92 32.00 0.000    1    2
   1   62  107 44.00 0.642    1    2
   1   63   86 32.00 0.000    1    2
   1   64   77 33.00 0.069    1    2
   1   65   81 32.00 0.002    1    2
   1   66   90 34.00 0.118    1    2
   1   67   92 46.00 0.997    1    2
   1   68   76 34.00 0.114    1    2
   1   69   93 36.00 0.157    1    2
   1   70  104 46.00 0.994    1    2
   1   71  105 43.00 0.490    1    2
   1   72   86 36.00 0.162    1    2
   1   73   78 32.00 0.032    1    2
   1   74   98 44.00 0.636    1    2
   1   75   85 38.00 0.200    1    2
   1   76   75 34.00 0.098    1    2
   1   77   76 32.00 0.039    1    2
   1   78   80 33.00 0.090    1    2
   1   79   77 32.00 0.013    1    2
   1   80   76 32.00 0.032    1    2
   1   81   87 32.00 0.000    1    2
   1   82  100 32.00 0.000    1    2
   1   83   94 41.00 0.337    1    2
   1   84   95 44.00 0.644    1    2
   1   85  100 46.00 0.989    1    2
   1   86   79 32.00 0.009    1    2
   1   87   81 36.00 0.161    1    2
   1   88  102 45.00 0.777    1    2
   1   89  101 32.00 0.000    1    2
   1   90  110 45.00 0.854    1    2
   1   91   81 32.00 0.002    1    2
   1   92   78 32.00 0.017    1    2
   1   93   80 32.00 0.006    1    2
   1   94   93 40.00 0.285    1    2
   1   95   81 32.00 0.004    1    2
   1   96   82 32.00 0.021    1    2
   1   97   76 33.00 0.080    1    2
   1   98   76 32.00 0.032    1    2
   1   99   76 32.00 0.018    1    2
   1  100   76 32.00 0.016    1    2
