  simno it age mass belief env state
   1    1   77 32.00 0.011    0    2
   1    2   99 46.00 0.940    0    2
   1    3   99 46.00 0.957    0    2
   1    4  105 44.00 0.611    0    2
   1    5   93 46.00 0.993    0    2
   1    6   96 46.00 0.955    0    2
   1    7   94 46.00 0.982    0    2
   1    8  100 46.00 0.985    0    2
   1    9   96 46.00 0.993    0    2
   1   10  102 46.00 0.965    0    2
   1   11   85 46.00 0.999    0    2
   1   12  100 46.00 0.983    0    2
   1   13  104 45.00 0.849    0    2
   1   14   74 33.00 0.066    0    2
   1   15   98 46.00 0.993    0    2
   1   16   78 32.00 0.007    0    2
   1   17   94 46.00 0.965    0    2
   1   18  112 44.00 0.652    0    2
   1   19   92 42.00 0.417    0    2
   1   20   90 41.00 0.346    0    2
   1   21   81 36.00 0.162    0    2
   1   22   75 32.00 0.036    0    2
   1   23   97 45.00 0.758    0    2
   1   24  104 45.00 0.819    0    2
   1   25  103 45.00 0.814    0    2
   1   26   79 32.00 0.018    0    2
   1   27   97 44.00 0.656    0    2
   1   28  103 46.00 0.953    0    2
   1   29   81 37.00 0.160    0    2
   1   30  112 45.00 0.859    0    2
   1   31   98 44.00 0.617    0    2
   1   32   98 44.00 0.638    0    2
   1   33   77 33.00 0.073    0    2
   1   34   93 45.00 0.870    0    2
   1   35   74 33.00 0.076    0    2
   1   36   87 41.00 0.322    0    2
   1   37   99 46.00 0.945    0    2
   1   38   79 46.00 1.000    0    2
   1   39   97 46.00 0.983    0    2
   1   40  111 45.00 0.822    0    2
   1   41   95 46.00 0.998    0    2
   1   42   84 39.00 0.228    0    2
   1   43   80 33.00 0.079    0    2
   1   44   91 46.00 0.989    0    2
   1   45   90 46.00 0.977    0    2
   1   46   85 39.00 0.247    0    2
   1   47   93 45.00 0.833    0    2
   1   48   88 41.00 0.344    0    2
   1   49   98 45.00 0.857    0    2
   1   50   94 46.00 0.998    0    2
   1   51   74 32.00 0.034    0    2
   1   52   92 44.00 0.612    0    2
   1   53   89 45.00 0.872    0    2
   1   54   90 46.00 0.995    0    2
   1   55  107 46.00 0.945    0    2
   1   56  100 46.00 0.993    0    2
   1   57  100 45.00 0.765    0    2
   1   58   97 45.00 0.863    0    2
   1   59   91 46.00 0.999    0    2
   1   60  109 46.00 0.944    0    2
   1   61  102 45.00 0.873    0    2
   1   62   98 45.00 0.864    0    2
   1   63  106 45.00 0.865    0    2
   1   64   75 32.00 0.032    0    2
   1   65   98 45.00 0.784    0    2
   1   66   93 46.00 0.968    0    2
   1   67  102 46.00 0.980    0    2
   1   68   95 46.00 0.983    0    2
   1   69  101 43.00 0.493    0    2
   1   70   76 32.00 0.015    0    2
   1   71  103 46.00 0.968    0    2
   1   72   99 41.00 0.354    0    2
   1   73   91 37.00 0.156    0    2
   1   74   89 46.00 0.999    0    2
   1   75   99 45.00 0.873    0    2
   1   76   91 46.00 0.958    0    2
   1   77   97 46.00 0.996    0    2
   1   78   97 46.00 0.979    0    2
   1   79   75 34.00 0.112    0    2
   1   80   94 46.00 0.998    0    2
   1   81   75 33.00 0.061    0    2
   1   82   97 45.00 0.789    0    2
   1   83   84 38.00 0.214    0    2
   1   84   88 39.00 0.232    0    2
   1   85   97 46.00 0.940    0    2
   1   86  101 45.00 0.874    0    2
   1   87   99 46.00 0.947    0    2
   1   88   98 46.00 0.980    0    2
   1   89   97 46.00 0.919    0    2
   1   90   99 45.00 0.833    0    2
   1   91   99 46.00 0.994    0    2
   1   92   94 46.00 0.989    0    2
   1   93   74 33.00 0.068    0    2
   1   94   77 32.00 0.015    0    2
   1   95   94 43.00 0.479    0    2
   1   96   99 42.00 0.394    0    2
   1   97   97 45.00 0.794    0    2
   1   98   92 45.00 0.875    0    2
   1   99   80 35.00 0.110    0    2
   1  100  111 45.00 0.834    0    2
   1    1   80 32.00 0.005    1    2
   1    2   91 32.00 0.000    1    2
   1    3   76 32.00 0.028    1    2
   1    4   93 32.00 0.000    1    2
   1    5   84 34.00 0.108    1    2
   1    6   91 32.00 0.000    1    2
   1    7   76 32.00 0.032    1    2
   1    8   81 32.00 0.009    1    2
   1    9   95 32.00 0.000    1    2
   1   10  100 32.00 0.000    1    2
   1   11  117 32.00 0.000    1    2
   1   12   93 41.00 0.329    1    2
   1   13   98 32.00 0.000    1    2
   1   14   89 32.00 0.000    1    2
   1   15   77 32.00 0.012    1    2
   1   16   88 32.00 0.000    1    2
   1   17   83 32.00 0.001    1    2
   1   18  120 32.00 0.000    1    2
   1   19   83 32.00 0.001    1    2
   1   20   78 32.00 0.016    1    2
   1   21   86 32.00 0.000    1    2
   1   22   95 32.00 0.000    1    2
   1   23   83 32.00 0.001    1    2
   1   24   80 32.00 0.003    1    2
   1   25   90 32.00 0.000    1    2
   1   26   78 32.00 0.007    1    2
   1   27   83 32.00 0.003    1    2
   1   28   86 32.00 0.003    1    2
   1   29   84 32.00 0.003    1    2
   1   30   81 32.00 0.002    1    2
   1   31   85 32.00 0.000    1    2
   1   32   99 32.00 0.000    1    2
   1   33   94 32.00 0.000    1    2
   1   34   80 32.00 0.005    1    2
   1   35   86 32.00 0.000    1    2
   1   36   83 32.00 0.001    1    2
   1   37   78 32.00 0.007    1    2
   1   38   82 32.00 0.001    1    2
   1   39   93 32.00 0.000    1    2
   1   40   98 32.00 0.000    1    2
   1   41   82 32.00 0.002    1    2
   1   42   89 32.00 0.000    1    2
   1   43   79 32.00 0.007    1    2
   1   44   81 34.00 0.108    1    2
   1   45   85 32.00 0.000    1    2
   1   46   83 32.00 0.001    1    2
   1   47   82 32.00 0.002    1    2
   1   48   84 32.00 0.002    1    2
   1   49   97 32.00 0.000    1    2
   1   50   90 32.00 0.000    1    2
   1   51  102 32.00 0.000    1    2
   1   52   95 32.00 0.000    1    2
   1   53   90 32.00 0.000    1    2
   1   54   85 32.00 0.000    1    2
   1   55  101 32.00 0.000    1    2
   1   56   85 32.00 0.000    1    2
   1   57   74 33.00 0.067    1    2
   1   58   85 32.00 0.001    1    2
   1   59   83 32.00 0.001    1    2
   1   60   82 32.00 0.001    1    2
   1   61   86 32.00 0.000    1    2
   1   62   90 32.00 0.000    1    2
   1   63   74 33.00 0.073    1    2
   1   64   94 32.00 0.000    1    2
   1   65   88 32.00 0.000    1    2
   1   66   76 32.00 0.020    1    2
   1   67   90 32.00 0.000    1    2
   1   68  100 32.00 0.000    1    2
   1   69  107 32.00 0.000    1    2
   1   70   82 32.00 0.001    1    2
   1   71  117 32.00 0.000    1    2
   1   72   83 32.00 0.001    1    2
   1   73   81 32.00 0.002    1    2
   1   74   85 32.00 0.000    1    2
   1   75   80 32.00 0.005    1    2
   1   76   88 32.00 0.000    1    2
   1   77   96 32.00 0.000    1    2
   1   78   78 32.00 0.011    1    2
   1   79  103 32.00 0.000    1    2
   1   80   93 32.00 0.000    1    2
   1   81   84 33.00 0.086    1    2
   1   82  110 32.00 0.000    1    2
   1   83   79 32.00 0.005    1    2
   1   84   85 32.00 0.000    1    2
   1   85   90 32.00 0.000    1    2
   1   86   93 32.00 0.000    1    2
   1   87   89 32.00 0.000    1    2
   1   88  104 32.00 0.000    1    2
   1   89   88 32.00 0.000    1    2
   1   90  108 32.00 0.000    1    2
   1   91   86 32.00 0.000    1    2
   1   92  107 32.00 0.000    1    2
   1   93  108 32.00 0.000    1    2
   1   94   94 32.00 0.000    1    2
   1   95   83 32.00 0.001    1    2
   1   96   82 32.00 0.001    1    2
   1   97   84 32.00 0.001    1    2
   1   98   82 32.00 0.001    1    2
   1   99   85 32.00 0.001    1    2
   1  100   85 32.00 0.000    1    2
