  simno it age mass belief env state
   1    1   78 48.00 0.999    0    2
   1    2   83 48.00 0.996    0    2
   1    3   78 48.00 0.999    0    2
   1    4   76 48.00 1.000    0    2
   1    5   90 47.00 0.850    0    2
   1    6   81 48.00 0.998    0    2
   1    7   73 48.00 1.000    0    2
   1    8   74 48.00 1.000    0    2
   1    9   74 48.00 1.000    0    2
   1   10   71 48.00 1.000    0    2
   1   11   70 48.00 1.000    0    2
   1   12   76 48.00 1.000    0    2
   1   13   67 48.00 1.000    0    2
   1   14   76 48.00 1.000    0    2
   1   15   74 48.00 1.000    0    2
   1   16   70 48.00 1.000    0    2
   1   17   73 48.00 1.000    0    2
   1   18   69 48.00 1.000    0    2
   1   19   71 48.00 1.000    0    2
   1   20   63 48.00 1.000    0    2
   1   21   69 48.00 1.000    0    2
   1   22   77 48.00 1.000    0    2
   1   23   59 48.00 1.000    0    2
   1   24   62 48.00 1.000    0    2
   1   25   61 48.00 1.000    0    2
   1   26   68 48.00 1.000    0    2
   1   27   75 48.00 1.000    0    2
   1   28   80 48.00 0.999    0    2
   1   29   75 48.00 1.000    0    2
   1   30   78 48.00 0.999    0    2
   1   31   82 48.00 0.997    0    2
   1   32   69 48.00 1.000    0    2
   1   33   74 48.00 1.000    0    2
   1   34   72 48.00 1.000    0    2
   1   35   74 48.00 1.000    0    2
   1   36   69 48.00 1.000    0    2
   1   37   79 48.00 0.999    0    2
   1   38   81 48.00 0.998    0    2
   1   39   84 48.00 0.994    0    2
   1   40   71 48.00 1.000    0    2
   1   41   82 48.00 0.997    0    2
   1   42   74 48.00 1.000    0    2
   1   43   73 48.00 1.000    0    2
   1   44   80 48.00 0.999    0    2
   1   45   85 48.00 0.992    0    2
   1   46   71 48.00 1.000    0    2
   1   47   90 48.00 0.930    0    2
   1   48   72 48.00 1.000    0    2
   1   49   81 48.00 0.998    0    2
   1   50   85 48.00 0.991    0    2
   1   51   85 48.00 0.992    0    2
   1   52   71 48.00 1.000    0    2
   1   53   66 48.00 1.000    0    2
   1   54   74 48.00 1.000    0    2
   1   55   79 48.00 0.999    0    2
   1   56   76 48.00 1.000    0    2
   1   57   84 48.00 0.994    0    2
   1   58   78 48.00 1.000    0    2
   1   59   72 48.00 1.000    0    2
   1   60   74 48.00 1.000    0    2
   1   61   72 48.00 1.000    0    2
   1   62   76 48.00 1.000    0    2
   1   63   87 48.00 0.983    0    2
   1   64   80 48.00 0.999    0    2
   1   65   88 48.00 0.974    0    2
   1   66   76 48.00 1.000    0    2
   1   67   76 48.00 1.000    0    2
   1   68   66 48.00 1.000    0    2
   1   69   73 48.00 1.000    0    2
   1   70   68 48.00 1.000    0    2
   1   71   76 48.00 1.000    0    2
   1   72   73 48.00 1.000    0    2
   1   73   75 48.00 1.000    0    2
   1   74   82 48.00 0.997    0    2
   1   75   76 48.00 1.000    0    2
   1   76   76 48.00 1.000    0    2
   1   77   80 48.00 0.999    0    2
   1   78   68 48.00 1.000    0    2
   1   79   83 48.00 0.996    0    2
   1   80   74 48.00 1.000    0    2
   1   81   77 48.00 1.000    0    2
   1   82   79 48.00 0.999    0    2
   1   83   67 48.00 1.000    0    2
   1   84   73 48.00 1.000    0    2
   1   85   75 48.00 1.000    0    2
   1   86   63 48.00 1.000    0    2
   1   87   72 48.00 1.000    0    2
   1   88   83 48.00 0.996    0    2
   1   89   71 48.00 1.000    0    2
   1   90   76 48.00 1.000    0    2
   1   91   69 48.00 1.000    0    2
   1   92   72 48.00 1.000    0    2
   1   93   67 48.00 1.000    0    2
   1   94   76 48.00 1.000    0    2
   1   95   68 48.00 1.000    0    2
   1   96   86 42.00 0.315    0    2
   1   97   79 48.00 0.999    0    2
   1   98   67 48.00 1.000    0    2
   1   99   69 48.00 1.000    0    2
   1  100   90 48.00 0.922    0    2
   1    1   92 47.00 0.777    1    2
   1    2   84 40.00 0.175    1    2
   1    3   91 46.00 0.657    1    2
   1    4   89 44.00 0.400    1    2
   1    5   76 32.00 0.009    1    2
   1    6   80 32.00 0.002    1    2
   1    7   81 48.00 0.998    1    2
   1    8   89 48.00 0.958    1    2
   1    9   73 33.00 0.056    1    2
   1   10   89 44.00 0.420    1    2
   1   11   87 42.00 0.241    1    2
   1   12   73 33.00 0.056    1    2
   1   13   83 40.00 0.231    1    2
   1   14   77 36.00 0.131    1    2
   1   15   80 32.00 0.002    1    2
   1   16   74 34.00 0.081    1    2
   1   17   75 32.00 0.014    1    2
   1   18   80 48.00 0.999    1    2
   1   19   78 32.00 0.005    1    2
   1   20   83 48.00 0.996    1    2
   1   21   82 39.00 0.168    1    2
   1   22   91 47.00 0.797    1    2
   1   23   91 46.00 0.608    1    2
   1   24   74 34.00 0.081    1    2
   1   25   76 35.00 0.082    1    2
   1   26   84 48.00 0.994    1    2
   1   27   73 33.00 0.057    1    2
   1   28   91 47.00 0.837    1    2
   1   29   86 42.00 0.310    1    2
   1   30   80 38.00 0.167    1    2
   1   31   76 35.00 0.082    1    2
   1   32   75 32.00 0.014    1    2
   1   33   80 38.00 0.169    1    2
   1   34   73 33.00 0.056    1    2
   1   35   80 32.00 0.002    1    2
   1   36   85 41.00 0.231    1    2
   1   37   77 32.00 0.006    1    2
   1   38   77 36.00 0.129    1    2
   1   39   88 43.00 0.325    1    2
   1   40   76 32.00 0.009    1    2
   1   41   88 48.00 0.967    1    2
   1   42   74 34.00 0.082    1    2
   1   43   73 33.00 0.066    1    2
   1   44   90 45.00 0.503    1    2
   1   45   82 32.00 0.001    1    2
   1   46   73 32.00 0.026    1    2
   1   47   79 37.00 0.135    1    2
   1   48   79 32.00 0.004    1    2
   1   49   88 32.00 0.000    1    2
   1   50   79 37.00 0.121    1    2
   1   51   79 37.00 0.117    1    2
   1   52   79 32.00 0.003    1    2
   1   53   86 42.00 0.311    1    2
   1   54   89 32.00 0.000    1    2
   1   55   84 32.00 0.000    1    2
   1   56   74 34.00 0.094    1    2
   1   57   73 33.00 0.058    1    2
   1   58   76 35.00 0.085    1    2
   1   59   73 32.00 0.026    1    2
   1   60   73 32.00 0.028    1    2
   1   61   73 33.00 0.055    1    2
   1   62   83 40.00 0.229    1    2
   1   63   76 32.00 0.010    1    2
   1   64   90 47.00 0.842    1    2
   1   65   84 40.00 0.175    1    2
   1   66   82 39.00 0.174    1    2
   1   67   91 47.00 0.829    1    2
   1   68   82 39.00 0.165    1    2
   1   69   91 46.00 0.649    1    2
   1   70   73 32.00 0.028    1    2
   1   71   80 38.00 0.166    1    2
   1   72   74 34.00 0.083    1    2
   1   73   74 34.00 0.082    1    2
   1   74   74 34.00 0.081    1    2
   1   75   90 45.00 0.526    1    2
   1   76   79 37.00 0.117    1    2
   1   77   77 32.00 0.006    1    2
   1   78   73 32.00 0.026    1    2
   1   79   85 41.00 0.233    1    2
   1   80   73 32.00 0.028    1    2
   1   81   73 32.00 0.026    1    2
   1   82   91 46.00 0.610    1    2
   1   83   83 40.00 0.231    1    2
   1   84   82 39.00 0.182    1    2
   1   85   83 40.00 0.229    1    2
   1   86   86 42.00 0.308    1    2
   1   87   90 47.00 0.837    1    2
   1   88   73 32.00 0.027    1    2
   1   89   74 32.00 0.019    1    2
   1   90   86 42.00 0.311    1    2
   1   91   74 34.00 0.082    1    2
   1   92   92 47.00 0.791    1    2
   1   93   74 34.00 0.091    1    2
   1   94   89 44.00 0.413    1    2
   1   95   77 32.00 0.007    1    2
   1   96   90 45.00 0.513    1    2
   1   97   85 41.00 0.237    1    2
   1   98   76 32.00 0.011    1    2
   1   99   90 47.00 0.842    1    2
   1  100   91 46.00 0.630    1    2
