  simno it age mass belief env state
   1    1   84 48.00 0.995    0    2
   1    2   79 48.00 0.999    0    2
   1    3   91 48.00 0.922    0    2
   1    4   91 47.00 0.776    0    2
   1    5   78 48.00 1.000    0    2
   1    6   82 48.00 0.997    0    2
   1    7   75 48.00 1.000    0    2
   1    8   81 48.00 0.998    0    2
   1    9   70 48.00 1.000    0    2
   1   10   81 48.00 0.999    0    2
   1   11   71 48.00 1.000    0    2
   1   12   81 48.00 0.999    0    2
   1   13   79 48.00 0.999    0    2
   1   14   86 48.00 0.989    0    2
   1   15   74 48.00 1.000    0    2
   1   16   84 48.00 0.995    0    2
   1   17   79 48.00 0.999    0    2
   1   18   74 48.00 1.000    0    2
   1   19   79 48.00 0.999    0    2
   1   20   83 48.00 0.997    0    2
   1   21   87 48.00 0.982    0    2
   1   22   90 48.00 0.937    0    2
   1   23   75 48.00 1.000    0    2
   1   24   89 48.00 0.958    0    2
   1   25   76 48.00 1.000    0    2
   1   26   72 48.00 1.000    0    2
   1   27   84 48.00 0.995    0    2
   1   28   69 48.00 1.000    0    2
   1   29   81 48.00 0.999    0    2
   1   30   82 48.00 0.997    0    2
   1   31   79 48.00 0.999    0    2
   1   32   80 48.00 0.999    0    2
   1   33   72 48.00 1.000    0    2
   1   34   82 48.00 0.997    0    2
   1   35   91 48.00 0.923    0    2
   1   36   79 48.00 0.999    0    2
   1   37   77 48.00 1.000    0    2
   1   38   80 48.00 0.999    0    2
   1   39   84 48.00 0.995    0    2
   1   40   86 48.00 0.988    0    2
   1   41   75 48.00 1.000    0    2
   1   42   81 48.00 0.998    0    2
   1   43   87 48.00 0.983    0    2
   1   44   81 48.00 0.998    0    2
   1   45   78 48.00 1.000    0    2
   1   46   81 48.00 0.998    0    2
   1   47   75 48.00 1.000    0    2
   1   48   82 48.00 0.998    0    2
   1   49   76 48.00 1.000    0    2
   1   50   80 48.00 0.999    0    2
   1   51   89 48.00 0.954    0    2
   1   52   78 48.00 0.999    0    2
   1   53   75 48.00 1.000    0    2
   1   54   91 48.00 0.904    0    2
   1   55   78 48.00 1.000    0    2
   1   56   81 48.00 0.998    0    2
   1   57   90 48.00 0.924    0    2
   1   58   90 48.00 0.926    0    2
   1   59   85 48.00 0.992    0    2
   1   60   76 48.00 1.000    0    2
   1   61   64 48.00 1.000    0    2
   1   62   84 48.00 0.994    0    2
   1   63   86 48.00 0.989    0    2
   1   64   76 48.00 1.000    0    2
   1   65   90 47.00 0.849    0    2
   1   66   84 48.00 0.994    0    2
   1   67   83 48.00 0.996    0    2
   1   68   79 48.00 0.999    0    2
   1   69   83 48.00 0.996    0    2
   1   70   80 48.00 0.999    0    2
   1   71   69 48.00 1.000    0    2
   1   72   65 48.00 1.000    0    2
   1   73   89 48.00 0.948    0    2
   1   74   83 48.00 0.997    0    2
   1   75   76 48.00 1.000    0    2
   1   76   67 48.00 1.000    0    2
   1   77   78 48.00 0.999    0    2
   1   78   87 48.00 0.980    0    2
   1   79   78 48.00 1.000    0    2
   1   80   68 48.00 1.000    0    2
   1   81   87 48.00 0.982    0    2
   1   82   87 48.00 0.978    0    2
   1   83   76 48.00 1.000    0    2
   1   84   91 46.00 0.636    0    2
   1   85   76 32.00 0.010    0    2
   1   86   77 48.00 1.000    0    2
   1   87   80 48.00 0.999    0    2
   1   88   82 48.00 0.998    0    2
   1   89   82 48.00 0.997    0    2
   1   90   77 48.00 1.000    0    2
   1   91   80 48.00 0.999    0    2
   1   92   82 48.00 0.997    0    2
   1   93   77 48.00 1.000    0    2
   1   94   89 48.00 0.965    0    2
   1   95   86 48.00 0.988    0    2
   1   96   83 48.00 0.997    0    2
   1   97   85 48.00 0.992    0    2
   1   98   91 47.00 0.772    0    2
   1   99   82 48.00 0.998    0    2
   1  100   75 48.00 1.000    0    2
   1    1  104 32.00 0.000    1    2
   1    2   89 32.00 0.000    1    2
   1    3   80 32.00 0.002    1    2
   1    4   75 32.00 0.014    1    2
   1    5   86 32.00 0.000    1    2
   1    6   73 33.00 0.056    1    2
   1    7   78 32.00 0.004    1    2
   1    8   86 32.00 0.000    1    2
   1    9   80 32.00 0.002    1    2
   1   10   89 32.00 0.000    1    2
   1   11   85 32.00 0.000    1    2
   1   12   86 42.00 0.308    1    2
   1   13   83 32.00 0.001    1    2
   1   14   77 36.00 0.117    1    2
   1   15   73 32.00 0.026    1    2
   1   16   75 32.00 0.013    1    2
   1   17   81 32.00 0.002    1    2
   1   18   85 32.00 0.000    1    2
   1   19   74 32.00 0.021    1    2
   1   20   90 32.00 0.000    1    2
   1   21   82 32.00 0.001    1    2
   1   22   75 32.00 0.013    1    2
   1   23   73 32.00 0.026    1    2
   1   24   86 32.00 0.000    1    2
   1   25   79 37.00 0.117    1    2
   1   26   81 32.00 0.002    1    2
   1   27   88 43.00 0.318    1    2
   1   28   78 32.00 0.004    1    2
   1   29   84 32.00 0.000    1    2
   1   30   89 32.00 0.000    1    2
   1   31   80 32.00 0.002    1    2
   1   32   90 32.00 0.000    1    2
   1   33   80 38.00 0.176    1    2
   1   34   80 32.00 0.002    1    2
   1   35   76 35.00 0.088    1    2
   1   36   86 32.00 0.000    1    2
   1   37   73 33.00 0.056    1    2
   1   38   73 33.00 0.055    1    2
   1   39   82 32.00 0.001    1    2
   1   40  100 32.00 0.000    1    2
   1   41   91 32.00 0.000    1    2
   1   42   78 32.00 0.004    1    2
   1   43   90 32.00 0.000    1    2
   1   44   81 32.00 0.001    1    2
   1   45   79 32.00 0.003    1    2
   1   46   78 32.00 0.004    1    2
   1   47  101 32.00 0.000    1    2
   1   48   77 36.00 0.117    1    2
   1   49   74 32.00 0.018    1    2
   1   50   77 32.00 0.006    1    2
   1   51   93 32.00 0.000    1    2
   1   52   88 43.00 0.315    1    2
   1   53   73 32.00 0.026    1    2
   1   54   92 32.00 0.000    1    2
   1   55   79 32.00 0.003    1    2
   1   56   86 32.00 0.000    1    2
   1   57   73 32.00 0.027    1    2
   1   58   82 32.00 0.001    1    2
   1   59   93 32.00 0.000    1    2
   1   60   80 32.00 0.002    1    2
   1   61   73 32.00 0.026    1    2
   1   62  117 32.00 0.000    1    2
   1   63   89 32.00 0.000    1    2
   1   64   73 32.00 0.027    1    2
   1   65   75 32.00 0.012    1    2
   1   66   73 33.00 0.056    1    2
   1   67   74 34.00 0.081    1    2
   1   68   86 32.00 0.000    1    2
   1   69   92 32.00 0.000    1    2
   1   70   73 33.00 0.057    1    2
   1   71   87 32.00 0.000    1    2
   1   72   99 32.00 0.000    1    2
   1   73   83 40.00 0.229    1    2
   1   74   82 32.00 0.001    1    2
   1   75   77 32.00 0.008    1    2
   1   76   85 32.00 0.000    1    2
   1   77   79 32.00 0.003    1    2
   1   78   98 32.00 0.000    1    2
   1   79  110 32.00 0.000    1    2
   1   80   85 41.00 0.243    1    2
   1   81   86 32.00 0.000    1    2
   1   82   80 32.00 0.002    1    2
   1   83  100 32.00 0.000    1    2
   1   84   85 32.00 0.000    1    2
   1   85   76 32.00 0.009    1    2
   1   86   88 32.00 0.000    1    2
   1   87   80 32.00 0.002    1    2
   1   88   73 33.00 0.055    1    2
   1   89   93 32.00 0.000    1    2
   1   90   88 32.00 0.000    1    2
   1   91   85 41.00 0.229    1    2
   1   92   89 44.00 0.401    1    2
   1   93   81 32.00 0.002    1    2
   1   94   73 32.00 0.026    1    2
   1   95   81 32.00 0.001    1    2
   1   96   84 32.00 0.000    1    2
   1   97   86 32.00 0.000    1    2
   1   98   75 32.00 0.013    1    2
   1   99   73 33.00 0.056    1    2
   1  100   86 32.00 0.000    1    2
