  simno it age mass belief env state
   1    1  110 46.00 0.929    0    2
   1    2   93 46.00 1.000    0    2
   1    3  120 46.00 0.985    0    2
   1    4  122 43.00 0.519    0    2
   1    5  110 46.00 0.998    0    2
   1    6  110 46.00 0.998    0    2
   1    7  116 46.00 0.994    0    2
   1    8  103 46.00 1.000    0    2
   1    9  106 46.00 0.999    0    2
   1   10  107 46.00 0.999    0    2
   1   11  124 46.00 0.957    0    2
   1   12  118 46.00 0.989    0    2
   1   13  101 46.00 1.000    0    2
   1   14  114 45.00 0.868    0    2
   1   15   96 46.00 1.000    0    2
   1   16  120 46.00 0.962    0    2
   1   17  124 46.00 0.926    0    2
   1   18   88 46.00 1.000    0    2
   1   19   87 46.00 1.000    0    2
   1   20   98 46.00 1.000    0    2
   1   21   93 46.00 1.000    0    2
   1   22  109 46.00 0.999    0    2
   1   23   99 46.00 1.000    0    2
   1   24   92 46.00 1.000    0    2
   1   25  113 46.00 0.985    0    2
   1   26  102 46.00 1.000    0    2
   1   27   92 46.00 1.000    0    2
   1   28  112 46.00 0.997    0    2
   1   29  114 46.00 0.996    0    2
   1   30  110 46.00 0.998    0    2
   1   31  121 46.00 0.957    0    2
   1   32   98 46.00 1.000    0    2
   1   33  107 46.00 0.999    0    2
   1   34   99 46.00 1.000    0    2
   1   35  103 46.00 1.000    0    2
   1   36  104 46.00 1.000    0    2
   1   37  113 46.00 0.997    0    2
   1   38  100 46.00 1.000    0    2
   1   39  109 46.00 0.997    0    2
   1   40  104 46.00 1.000    0    2
   1   41  119 46.00 0.983    0    2
   1   42  120 46.00 0.967    0    2
   1   43  122 46.00 0.974    0    2
   1   44  123 45.00 0.870    0    2
   1   45  108 46.00 0.999    0    2
   1   46  103 46.00 1.000    0    2
   1   47  113 46.00 0.997    0    2
   1   48   99 46.00 1.000    0    2
   1   49  105 46.00 0.999    0    2
   1   50  106 46.00 0.998    0    2
   1   51   92 46.00 1.000    0    2
   1   52  107 46.00 0.999    0    2
   1   53  105 46.00 0.999    0    2
   1   54  110 46.00 0.998    0    2
   1   55  121 46.00 0.982    0    2
   1   56  112 46.00 0.995    0    2
   1   57   93 46.00 1.000    0    2
   1   58  107 46.00 0.999    0    2
   1   59  107 46.00 0.999    0    2
   1   60  116 46.00 0.994    0    2
   1   61   99 46.00 1.000    0    2
   1   62  101 46.00 1.000    0    2
   1   63  108 46.00 0.995    0    2
   1   64   87 46.00 1.000    0    2
   1   65  109 46.00 0.999    0    2
   1   66   97 46.00 1.000    0    2
   1   67   99 46.00 1.000    0    2
   1   68  117 46.00 0.984    0    2
   1   69  110 46.00 0.998    0    2
   1   70  109 46.00 0.999    0    2
   1   71   93 33.00 0.074    0    2
   1   72  114 46.00 0.993    0    2
   1   73   99 46.00 1.000    0    2
   1   74  102 46.00 1.000    0    2
   1   75  106 46.00 0.999    0    2
   1   76  106 46.00 0.999    0    2
   1   77  114 46.00 0.996    0    2
   1   78  103 46.00 1.000    0    2
   1   79  113 46.00 0.995    0    2
   1   80   92 46.00 1.000    0    2
   1   81  126 45.00 0.838    0    2
   1   82  116 46.00 0.988    0    2
   1   83  125 46.00 0.945    0    2
   1   84  110 46.00 0.943    0    2
   1   85  123 46.00 0.965    0    2
   1   86  116 45.00 0.856    0    2
   1   87   99 46.00 1.000    0    2
   1   88  119 46.00 0.988    0    2
   1   89   99 46.00 1.000    0    2
   1   90  120 46.00 0.982    0    2
   1   91  127 44.00 0.649    0    2
   1   92   99 46.00 1.000    0    2
   1   93   90 46.00 1.000    0    2
   1   94   92 46.00 1.000    0    2
   1   95  109 46.00 0.998    0    2
   1   96  110 46.00 0.997    0    2
   1   97  127 45.00 0.764    0    2
   1   98  108 46.00 0.999    0    2
   1   99  104 46.00 1.000    0    2
   1  100  104 46.00 1.000    0    2
   1    1  107 35.00 0.132    1    2
   1    2  110 32.00 0.000    1    2
   1    3  102 32.00 0.015    1    2
   1    4   98 33.00 0.079    1    2
   1    5   97 32.00 0.000    1    2
   1    6   90 32.00 0.004    1    2
   1    7  103 36.00 0.135    1    2
   1    8  106 39.00 0.257    1    2
   1    9  128 44.00 0.623    1    2
   1   10  124 42.00 0.419    1    2
   1   11  116 32.00 0.000    1    2
   1   12  111 32.00 0.000    1    2
   1   13   93 33.00 0.080    1    2
   1   14   94 32.00 0.006    1    2
   1   15   99 33.00 0.077    1    2
   1   16   93 33.00 0.091    1    2
   1   17   98 33.00 0.081    1    2
   1   18  115 43.00 0.520    1    2
   1   19   91 32.00 0.006    1    2
   1   20   95 32.00 0.000    1    2
   1   21  104 37.00 0.183    1    2
   1   22  123 43.00 0.496    1    2
   1   23  130 32.00 0.000    1    2
   1   24  102 37.00 0.187    1    2
   1   25  112 36.00 0.138    1    2
   1   26   90 33.00 0.064    1    2
   1   27   99 32.00 0.007    1    2
   1   28  102 32.00 0.003    1    2
   1   29   89 32.00 0.028    1    2
   1   30  102 32.00 0.000    1    2
   1   31   98 32.00 0.005    1    2
   1   32  102 36.00 0.164    1    2
   1   33   94 32.00 0.003    1    2
   1   34   96 32.00 0.034    1    2
   1   35  123 44.00 0.621    1    2
   1   36   93 32.00 0.024    1    2
   1   37   96 32.00 0.032    1    2
   1   38  126 44.00 0.628    1    2
   1   39  116 40.00 0.301    1    2
   1   40   91 32.00 0.026    1    2
   1   41   88 32.00 0.026    1    2
   1   42  125 43.00 0.518    1    2
   1   43  117 41.00 0.322    1    2
   1   44  100 32.00 0.022    1    2
   1   45   97 32.00 0.001    1    2
   1   46  119 46.00 0.964    1    2
   1   47   93 32.00 0.006    1    2
   1   48   99 32.00 0.000    1    2
   1   49  100 34.00 0.111    1    2
   1   50   96 32.00 0.006    1    2
   1   51   96 32.00 0.002    1    2
   1   52   98 33.00 0.075    1    2
   1   53  112 32.00 0.000    1    2
   1   54   95 32.00 0.001    1    2
   1   55   96 33.00 0.077    1    2
   1   56  108 32.00 0.000    1    2
   1   57  115 39.00 0.237    1    2
   1   58   99 32.00 0.001    1    2
   1   59  104 35.00 0.131    1    2
   1   60   99 32.00 0.000    1    2
   1   61  102 32.00 0.000    1    2
   1   62  111 37.00 0.161    1    2
   1   63  105 32.00 0.000    1    2
   1   64  111 32.00 0.000    1    2
   1   65  108 37.00 0.158    1    2
   1   66  124 41.00 0.346    1    2
   1   67  117 41.00 0.319    1    2
   1   68  112 38.00 0.219    1    2
   1   69  124 46.00 0.960    1    2
   1   70  102 32.00 0.000    1    2
   1   71  102 32.00 0.018    1    2
   1   72  106 32.00 0.000    1    2
   1   73  100 32.00 0.001    1    2
   1   74   99 33.00 0.076    1    2
   1   75   93 32.00 0.006    1    2
   1   76   96 32.00 0.003    1    2
   1   77   96 33.00 0.088    1    2
   1   78   92 32.00 0.003    1    2
   1   79   91 32.00 0.009    1    2
   1   80  108 36.00 0.151    1    2
   1   81   92 32.00 0.022    1    2
   1   82  105 32.00 0.000    1    2
   1   83  124 42.00 0.385    1    2
   1   84   96 32.00 0.033    1    2
   1   85   92 32.00 0.003    1    2
   1   86  101 32.00 0.001    1    2
   1   87   98 33.00 0.082    1    2
   1   88   88 32.00 0.036    1    2
   1   89  101 36.00 0.157    1    2
   1   90   96 32.00 0.007    1    2
   1   91   97 32.00 0.011    1    2
   1   92   88 33.00 0.081    1    2
   1   93  126 45.00 0.872    1    2
   1   94  110 32.00 0.000    1    2
   1   95  118 43.00 0.478    1    2
   1   96  110 43.00 0.473    1    2
   1   97  102 37.00 0.189    1    2
   1   98   95 33.00 0.067    1    2
   1   99   88 32.00 0.037    1    2
   1  100  106 32.00 0.000    1    2
