  simno it age mass belief env state
   1    1   77 33.00 0.064    0    2
   1    2  100 46.00 0.998    0    2
   1    3  101 46.00 0.983    0    2
   1    4  109 46.00 0.984    0    2
   1    5   99 46.00 0.997    0    2
   1    6  109 46.00 0.981    0    2
   1    7   97 46.00 0.990    0    2
   1    8  101 46.00 0.993    0    2
   1    9   87 46.00 1.000    0    2
   1   10  115 45.00 0.785    0    2
   1   11   76 46.00 1.000    0    2
   1   12  114 45.00 0.781    0    2
   1   13   99 46.00 0.994    0    2
   1   14  105 46.00 0.976    0    2
   1   15  109 46.00 0.985    0    2
   1   16  111 46.00 0.975    0    2
   1   17  112 45.00 0.825    0    2
   1   18   86 46.00 1.000    0    2
   1   19  101 46.00 0.926    0    2
   1   20   87 46.00 1.000    0    2
   1   21   94 46.00 0.999    0    2
   1   22   89 46.00 1.000    0    2
   1   23   99 46.00 0.998    0    2
   1   24  117 44.00 0.634    0    2
   1   25  113 46.00 0.936    0    2
   1   26  101 46.00 0.997    0    2
   1   27  105 46.00 0.961    0    2
   1   28  114 46.00 0.948    0    2
   1   29  114 45.00 0.817    0    2
   1   30  105 46.00 0.977    0    2
   1   31   78 33.00 0.073    0    2
   1   32  110 46.00 0.981    0    2
   1   33  114 44.00 0.654    0    2
   1   34   98 46.00 0.995    0    2
   1   35  100 46.00 0.992    0    2
   1   36   90 46.00 1.000    0    2
   1   37   98 46.00 0.999    0    2
   1   38  100 46.00 0.998    0    2
   1   39  104 46.00 0.991    0    2
   1   40   98 46.00 0.998    0    2
   1   41   81 32.00 0.033    0    2
   1   42   96 46.00 0.999    0    2
   1   43  114 45.00 0.854    0    2
   1   44  114 45.00 0.847    0    2
   1   45  104 46.00 0.937    0    2
   1   46  100 46.00 0.996    0    2
   1   47  103 45.00 0.869    0    2
   1   48  103 46.00 0.994    0    2
   1   49   90 46.00 1.000    0    2
   1   50   94 46.00 0.999    0    2
   1   51   91 46.00 0.998    0    2
   1   52  112 45.00 0.856    0    2
   1   53  106 46.00 0.987    0    2
   1   54  104 46.00 0.988    0    2
   1   55   77 46.00 1.000    0    2
   1   56  101 45.00 0.869    0    2
   1   57  113 44.00 0.619    0    2
   1   58  113 44.00 0.643    0    2
   1   59  107 45.00 0.856    0    2
   1   60  100 46.00 0.997    0    2
   1   61   99 46.00 0.998    0    2
   1   62  111 46.00 0.969    0    2
   1   63  102 46.00 0.996    0    2
   1   64   98 36.00 0.159    0    2
   1   65   96 46.00 0.999    0    2
   1   66   94 46.00 0.998    0    2
   1   67   93 46.00 0.979    0    2
   1   68   89 46.00 1.000    0    2
   1   69  103 46.00 0.993    0    2
   1   70   94 46.00 0.999    0    2
   1   71  102 46.00 0.994    0    2
   1   72  104 46.00 0.960    0    2
   1   73   97 46.00 0.999    0    2
   1   74   92 46.00 0.999    0    2
   1   75   81 32.00 0.037    0    2
   1   76  106 46.00 0.986    0    2
   1   77  101 46.00 0.970    0    2
   1   78  108 46.00 0.917    0    2
   1   79   91 46.00 1.000    0    2
   1   80   91 37.00 0.164    0    2
   1   81  106 46.00 0.987    0    2
   1   82   99 46.00 0.998    0    2
   1   83  101 46.00 0.996    0    2
   1   84  101 46.00 0.997    0    2
   1   85   94 46.00 0.997    0    2
   1   86  100 46.00 0.998    0    2
   1   87  107 45.00 0.865    0    2
   1   88  101 46.00 0.998    0    2
   1   89  110 45.00 0.872    0    2
   1   90  101 46.00 0.977    0    2
   1   91  113 46.00 0.925    0    2
   1   92  102 45.00 0.844    0    2
   1   93   97 46.00 0.999    0    2
   1   94  116 45.00 0.861    0    2
   1   95   92 46.00 0.998    0    2
   1   96  109 45.00 0.812    0    2
   1   97  116 43.00 0.506    0    2
   1   98   92 46.00 0.999    0    2
   1   99   93 46.00 1.000    0    2
   1  100   86 46.00 1.000    0    2
   1    1  104 32.00 0.000    1    2
   1    2  116 45.00 0.861    1    2
   1    3   79 32.00 0.010    1    2
   1    4   97 40.00 0.288    1    2
   1    5   94 32.00 0.000    1    2
   1    6   83 32.00 0.005    1    2
   1    7  103 32.00 0.000    1    2
   1    8   81 32.00 0.019    1    2
   1    9   85 32.00 0.036    1    2
   1   10   91 32.00 0.000    1    2
   1   11   85 32.00 0.038    1    2
   1   12   77 32.00 0.030    1    2
   1   13   82 32.00 0.002    1    2
   1   14  103 32.00 0.000    1    2
   1   15   85 32.00 0.008    1    2
   1   16  111 44.00 0.628    1    2
   1   17   77 32.00 0.016    1    2
   1   18   84 32.00 0.001    1    2
   1   19   89 32.00 0.000    1    2
   1   20   91 32.00 0.001    1    2
   1   21  108 32.00 0.000    1    2
   1   22  104 32.00 0.000    1    2
   1   23   78 32.00 0.017    1    2
   1   24   85 32.00 0.002    1    2
   1   25   76 33.00 0.070    1    2
   1   26   98 39.00 0.254    1    2
   1   27   82 32.00 0.014    1    2
   1   28   83 32.00 0.002    1    2
   1   29   77 32.00 0.016    1    2
   1   30  101 32.00 0.000    1    2
   1   31  109 46.00 0.956    1    2
   1   32   95 32.00 0.000    1    2
   1   33   80 32.00 0.008    1    2
   1   34  104 42.00 0.386    1    2
   1   35   84 32.00 0.001    1    2
   1   36   79 32.00 0.015    1    2
   1   37   92 38.00 0.217    1    2
   1   38   85 32.00 0.005    1    2
   1   39   93 32.00 0.000    1    2
   1   40   82 32.00 0.002    1    2
   1   41   95 32.00 0.000    1    2
   1   42  108 32.00 0.000    1    2
   1   43   84 32.00 0.015    1    2
   1   44  103 39.00 0.241    1    2
   1   45   97 32.00 0.000    1    2
   1   46   79 32.00 0.019    1    2
   1   47   80 33.00 0.087    1    2
   1   48   84 32.00 0.035    1    2
   1   49   82 33.00 0.076    1    2
   1   50   84 32.00 0.002    1    2
   1   51   81 32.00 0.007    1    2
   1   52   84 32.00 0.002    1    2
   1   53   77 34.00 0.099    1    2
   1   54   90 32.00 0.000    1    2
   1   55   80 32.00 0.005    1    2
   1   56  106 45.00 0.786    1    2
   1   57   82 32.00 0.002    1    2
   1   58   95 32.00 0.000    1    2
   1   59  104 32.00 0.000    1    2
   1   60   77 32.00 0.039    1    2
   1   61  112 32.00 0.000    1    2
   1   62  112 44.00 0.652    1    2
   1   63   92 39.00 0.233    1    2
   1   64   89 37.00 0.190    1    2
   1   65   93 32.00 0.000    1    2
   1   66   86 32.00 0.001    1    2
   1   67   81 33.00 0.072    1    2
   1   68   86 32.00 0.001    1    2
   1   69  105 32.00 0.000    1    2
   1   70   84 32.00 0.002    1    2
   1   71   83 32.00 0.020    1    2
   1   72   96 32.00 0.000    1    2
   1   73  108 43.00 0.514    1    2
   1   74   78 32.00 0.023    1    2
   1   75   80 32.00 0.032    1    2
   1   76   80 32.00 0.007    1    2
   1   77  102 32.00 0.000    1    2
   1   78   93 32.00 0.000    1    2
   1   79   83 32.00 0.001    1    2
   1   80  103 32.00 0.000    1    2
   1   81   81 32.00 0.003    1    2
   1   82  103 32.00 0.000    1    2
   1   83   98 32.00 0.000    1    2
   1   84   83 32.00 0.002    1    2
   1   85   78 33.00 0.077    1    2
   1   86   88 32.00 0.002    1    2
   1   87   84 32.00 0.005    1    2
   1   88   85 32.00 0.001    1    2
   1   89   84 32.00 0.034    1    2
   1   90   99 32.00 0.000    1    2
   1   91   95 32.00 0.000    1    2
   1   92   98 32.00 0.000    1    2
   1   93   88 32.00 0.000    1    2
   1   94   83 34.00 0.104    1    2
   1   95   86 32.00 0.001    1    2
   1   96   93 32.00 0.000    1    2
   1   97   84 33.00 0.067    1    2
   1   98   89 32.00 0.000    1    2
   1   99   93 32.00 0.000    1    2
   1  100   86 32.00 0.000    1    2
