  simno it age mass belief env state
   1    1   93 44.00 0.650    0    2
   1    2   77 32.00 0.031    0    2
   1    3   79 32.00 0.029    0    2
   1    4   98 46.00 0.973    0    2
   1    5   97 46.00 0.991    0    2
   1    6  102 46.00 0.996    0    2
   1    7   92 46.00 0.986    0    2
   1    8   98 46.00 0.947    0    2
   1    9   90 46.00 0.999    0    2
   1   10   83 37.00 0.154    0    2
   1   11   77 32.00 0.034    0    2
   1   12   94 46.00 0.991    0    2
   1   13   91 46.00 0.977    0    2
   1   14   78 32.00 0.022    0    2
   1   15   88 46.00 0.967    0    2
   1   16   97 46.00 0.996    0    2
   1   17   81 32.00 0.002    0    2
   1   18  109 45.00 0.792    0    2
   1   19   74 32.00 0.034    0    2
   1   20   97 46.00 0.989    0    2
   1   21   98 46.00 0.982    0    2
   1   22   93 46.00 0.974    0    2
   1   23   98 46.00 0.994    0    2
   1   24  103 46.00 0.923    0    2
   1   25   81 46.00 1.000    0    2
   1   26  104 45.00 0.808    0    2
   1   27  107 45.00 0.782    0    2
   1   28  106 45.00 0.847    0    2
   1   29   76 32.00 0.035    0    2
   1   30   91 46.00 0.996    0    2
   1   31   87 46.00 0.987    0    2
   1   32   94 40.00 0.286    0    2
   1   33   95 43.00 0.492    0    2
   1   34   96 46.00 0.956    0    2
   1   35   94 45.00 0.857    0    2
   1   36   99 46.00 0.973    0    2
   1   37  100 45.00 0.793    0    2
   1   38  102 46.00 0.969    0    2
   1   39   96 46.00 0.981    0    2
   1   40  101 46.00 0.967    0    2
   1   41   97 46.00 0.993    0    2
   1   42   82 46.00 1.000    0    2
   1   43   79 36.00 0.162    0    2
   1   44  103 43.00 0.526    0    2
   1   45   91 46.00 0.990    0    2
   1   46  107 44.00 0.639    0    2
   1   47   77 35.00 0.119    0    2
   1   48  102 46.00 0.968    0    2
   1   49   96 46.00 0.967    0    2
   1   50   97 46.00 0.918    0    2
   1   51   96 46.00 0.967    0    2
   1   52   74 32.00 0.035    0    2
   1   53  102 41.00 0.345    0    2
   1   54  103 46.00 0.988    0    2
   1   55   93 45.00 0.753    0    2
   1   56  101 45.00 0.869    0    2
   1   57  107 46.00 0.977    0    2
   1   58   95 40.00 0.280    0    2
   1   59   98 46.00 0.998    0    2
   1   60   79 33.00 0.083    0    2
   1   61  105 46.00 0.981    0    2
   1   62   89 41.00 0.351    0    2
   1   63   99 45.00 0.857    0    2
   1   64   83 38.00 0.206    0    2
   1   65  104 46.00 0.983    0    2
   1   66  104 46.00 0.980    0    2
   1   67  107 46.00 0.980    0    2
   1   68  106 46.00 0.966    0    2
   1   69   92 46.00 0.993    0    2
   1   70   93 46.00 0.991    0    2
   1   71   81 32.00 0.007    0    2
   1   72   95 43.00 0.514    0    2
   1   73   99 45.00 0.866    0    2
   1   74   88 35.00 0.132    0    2
   1   75   82 35.00 0.110    0    2
   1   76   94 46.00 0.994    0    2
   1   77  104 46.00 0.990    0    2
   1   78   82 32.00 0.003    0    2
   1   79  103 44.00 0.625    0    2
   1   80   83 34.00 0.097    0    2
   1   81  101 46.00 0.923    0    2
   1   82   86 36.00 0.164    0    2
   1   83  100 46.00 0.942    0    2
   1   84   84 34.00 0.099    0    2
   1   85  103 46.00 0.987    0    2
   1   86   94 44.00 0.636    0    2
   1   87   96 44.00 0.624    0    2
   1   88   95 46.00 0.952    0    2
   1   89   92 46.00 0.997    0    2
   1   90  113 46.00 0.922    0    2
   1   91   95 45.00 0.820    0    2
   1   92   96 46.00 0.992    0    2
   1   93   88 41.00 0.327    0    2
   1   94  106 43.00 0.523    0    2
   1   95   91 46.00 0.986    0    2
   1   96   99 45.00 0.850    0    2
   1   97  106 45.00 0.848    0    2
   1   98  101 46.00 0.944    0    2
   1   99  100 46.00 0.988    0    2
   1  100   95 46.00 0.998    0    2
   1    1   89 32.00 0.000    1    2
   1    2   87 32.00 0.000    1    2
   1    3   98 32.00 0.000    1    2
   1    4   99 32.00 0.000    1    2
   1    5   96 32.00 0.000    1    2
   1    6  103 32.00 0.000    1    2
   1    7   80 32.00 0.004    1    2
   1    8   93 32.00 0.000    1    2
   1    9  106 32.00 0.000    1    2
   1   10  101 32.00 0.000    1    2
   1   11   90 32.00 0.000    1    2
   1   12  100 32.00 0.000    1    2
   1   13   98 32.00 0.000    1    2
   1   14   87 32.00 0.000    1    2
   1   15   89 32.00 0.000    1    2
   1   16   84 32.00 0.001    1    2
   1   17   81 32.00 0.002    1    2
   1   18   87 32.00 0.000    1    2
   1   19   84 32.00 0.001    1    2
   1   20   86 32.00 0.001    1    2
   1   21   88 32.00 0.000    1    2
   1   22   83 32.00 0.001    1    2
   1   23   97 32.00 0.000    1    2
   1   24   89 32.00 0.000    1    2
   1   25   90 32.00 0.000    1    2
   1   26   92 32.00 0.000    1    2
   1   27  107 32.00 0.000    1    2
   1   28  116 32.00 0.000    1    2
   1   29   96 32.00 0.000    1    2
   1   30   87 32.00 0.001    1    2
   1   31   78 32.00 0.025    1    2
   1   32   82 32.00 0.002    1    2
   1   33  105 32.00 0.000    1    2
   1   34   80 32.00 0.004    1    2
   1   35   92 32.00 0.000    1    2
   1   36  105 32.00 0.000    1    2
   1   37   79 32.00 0.022    1    2
   1   38  100 32.00 0.000    1    2
   1   39   84 32.00 0.001    1    2
   1   40   78 32.00 0.035    1    2
   1   41   78 32.00 0.010    1    2
   1   42  102 32.00 0.000    1    2
   1   43   83 32.00 0.003    1    2
   1   44   91 32.00 0.000    1    2
   1   45  107 32.00 0.000    1    2
   1   46  109 32.00 0.000    1    2
   1   47   92 38.00 0.216    1    2
   1   48   81 33.00 0.078    1    2
   1   49   99 32.00 0.000    1    2
   1   50   84 32.00 0.001    1    2
   1   51  108 32.00 0.000    1    2
   1   52   90 32.00 0.000    1    2
   1   53   94 32.00 0.000    1    2
   1   54   90 35.00 0.110    1    2
   1   55   85 32.00 0.001    1    2
   1   56  107 32.00 0.000    1    2
   1   57  102 32.00 0.000    1    2
   1   58   84 32.00 0.002    1    2
   1   59   79 32.00 0.007    1    2
   1   60   77 32.00 0.036    1    2
   1   61  100 32.00 0.000    1    2
   1   62   94 32.00 0.000    1    2
   1   63   91 32.00 0.000    1    2
   1   64   97 32.00 0.000    1    2
   1   65   90 32.00 0.007    1    2
   1   66  102 32.00 0.000    1    2
   1   67   90 32.00 0.000    1    2
   1   68   94 32.00 0.000    1    2
   1   69   76 32.00 0.025    1    2
   1   70   82 32.00 0.002    1    2
   1   71  108 32.00 0.000    1    2
   1   72  105 32.00 0.000    1    2
   1   73   97 32.00 0.000    1    2
   1   74   96 32.00 0.000    1    2
   1   75  116 32.00 0.000    1    2
   1   76   89 32.00 0.000    1    2
   1   77  112 32.00 0.000    1    2
   1   78  124 32.00 0.000    1    2
   1   79   90 32.00 0.000    1    2
   1   80   76 32.00 0.027    1    2
   1   81   77 32.00 0.021    1    2
   1   82   89 32.00 0.000    1    2
   1   83   89 32.00 0.000    1    2
   1   84   86 32.00 0.000    1    2
   1   85  131 32.00 0.000    1    2
   1   86   81 32.00 0.005    1    2
   1   87  106 32.00 0.000    1    2
   1   88  101 32.00 0.000    1    2
   1   89   86 32.00 0.000    1    2
   1   90   80 32.00 0.006    1    2
   1   91   94 32.00 0.000    1    2
   1   92   95 32.00 0.000    1    2
   1   93   89 32.00 0.000    1    2
   1   94   94 32.00 0.000    1    2
   1   95  112 32.00 0.000    1    2
   1   96   94 32.00 0.000    1    2
   1   97   82 32.00 0.004    1    2
   1   98   76 34.00 0.098    1    2
   1   99   84 32.00 0.001    1    2
   1  100   82 32.00 0.002    1    2
