  simno it age mass belief env state
   1    1   84 48.00 0.999    0    2
   1    2   80 48.00 1.000    0    2
   1    3   89 48.00 0.988    0    2
   1    4   68 48.00 1.000    0    2
   1    5   76 48.00 1.000    0    2
   1    6   82 48.00 0.999    0    2
   1    7   94 48.00 0.946    0    2
   1    8   72 48.00 1.000    0    2
   1    9   81 48.00 0.999    0    2
   1   10   86 48.00 0.997    0    2
   1   11   86 48.00 0.996    0    2
   1   12   82 48.00 0.999    0    2
   1   13   80 48.00 1.000    0    2
   1   14   86 48.00 0.996    0    2
   1   15   73 48.00 1.000    0    2
   1   16   77 48.00 1.000    0    2
   1   17   81 48.00 0.999    0    2
   1   18   73 48.00 1.000    0    2
   1   19   83 48.00 0.999    0    2
   1   20   95 48.00 0.978    0    2
   1   21   84 48.00 0.999    0    2
   1   22   79 48.00 1.000    0    2
   1   23   99 48.00 0.975    0    2
   1   24   65 48.00 1.000    0    2
   1   25   77 48.00 1.000    0    2
   1   26   90 48.00 0.990    0    2
   1   27   85 48.00 0.997    0    2
   1   28   88 37.00 0.200    0    2
   1   29   87 48.00 0.997    0    2
   1   30   83 48.00 0.999    0    2
   1   31   71 48.00 1.000    0    2
   1   32   74 48.00 1.000    0    2
   1   33   77 48.00 1.000    0    2
   1   34   89 48.00 0.989    0    2
   1   35   74 48.00 1.000    0    2
   1   36   90 48.00 0.995    0    2
   1   37   88 48.00 0.994    0    2
   1   38   80 48.00 1.000    0    2
   1   39   93 48.00 0.947    0    2
   1   40   70 48.00 1.000    0    2
   1   41   73 48.00 1.000    0    2
   1   42   76 48.00 1.000    0    2
   1   43   84 48.00 0.998    0    2
   1   44   89 48.00 0.997    0    2
   1   45   91 48.00 0.987    0    2
   1   46  100 47.00 0.868    0    2
   1   47   89 48.00 0.995    0    2
   1   48   75 48.00 1.000    0    2
   1   49   80 48.00 1.000    0    2
   1   50   82 48.00 0.999    0    2
   1   51  103 46.00 0.700    0    2
   1   52   89 48.00 0.994    0    2
   1   53   89 48.00 0.990    0    2
   1   54   87 48.00 0.997    0    2
   1   55   65 48.00 1.000    0    2
   1   56   76 48.00 1.000    0    2
   1   57   92 48.00 0.973    0    2
   1   58   84 48.00 1.000    0    2
   1   59   82 48.00 0.999    0    2
   1   60   88 48.00 0.992    0    2
   1   61   94 47.00 0.892    0    2
   1   62   87 48.00 0.998    0    2
   1   63   79 48.00 1.000    0    2
   1   64   96 48.00 0.989    0    2
   1   65   77 48.00 1.000    0    2
   1   66   77 48.00 1.000    0    2
   1   67   73 48.00 1.000    0    2
   1   68   82 48.00 0.999    0    2
   1   69   76 48.00 1.000    0    2
   1   70   84 48.00 0.998    0    2
   1   71   88 48.00 0.999    0    2
   1   72   79 48.00 1.000    0    2
   1   73   87 39.00 0.245    0    2
   1   74   86 48.00 0.997    0    2
   1   75   93 48.00 0.971    0    2
   1   76   81 48.00 0.999    0    2
   1   77   82 48.00 0.999    0    2
   1   78   75 48.00 1.000    0    2
   1   79   86 48.00 0.996    0    2
   1   80   88 48.00 0.993    0    2
   1   81   89 48.00 0.993    0    2
   1   82   85 48.00 0.998    0    2
   1   83   69 48.00 1.000    0    2
   1   84   92 48.00 0.969    0    2
   1   85   83 48.00 0.999    0    2
   1   86   77 48.00 1.000    0    2
   1   87   82 48.00 0.999    0    2
   1   88   95 48.00 0.939    0    2
   1   89   81 48.00 1.000    0    2
   1   90   82 48.00 0.999    0    2
   1   91   94 48.00 0.997    0    2
   1   92   82 48.00 0.999    0    2
   1   93   94 48.00 0.946    0    2
   1   94   90 48.00 0.986    0    2
   1   95   80 48.00 1.000    0    2
   1   96   82 48.00 1.000    0    2
   1   97   78 48.00 1.000    0    2
   1   98   73 48.00 1.000    0    2
   1   99   85 48.00 0.998    0    2
   1  100   79 48.00 1.000    0    2
   1    1   93 30.00 0.029    1    2
   1    2   87 30.00 0.058    1    2
   1    3  117 30.00 0.000    1    2
   1    4   92 30.00 0.021    1    2
   1    5  109 30.00 0.001    1    2
   1    6  102 30.00 0.013    1    2
   1    7   99 30.00 0.020    1    2
   1    8   83 38.00 0.223    1    2
   1    9   93 30.00 0.022    1    2
   1   10   94 45.00 0.612    1    2
   1   11   94 48.00 0.945    1    2
   1   12   92 30.00 0.015    1    2
   1   13   93 30.00 0.011    1    2
   1   14   97 30.00 0.008    1    2
   1   15   74 30.00 0.074    1    2
   1   16   79 34.00 0.159    1    2
   1   17   86 39.00 0.278    1    2
   1   18   79 34.00 0.167    1    2
   1   19  120 30.00 0.000    1    2
   1   20  120 30.00 0.000    1    2
   1   21   93 30.00 0.059    1    2
   1   22  102 30.00 0.003    1    2
   1   23   80 34.00 0.145    1    2
   1   24   94 31.00 0.092    1    2
   1   25   73 32.00 0.122    1    2
   1   26  114 30.00 0.001    1    2
   1   27  115 30.00 0.000    1    2
   1   28  105 30.00 0.003    1    2
   1   29  113 30.00 0.001    1    2
   1   30  105 30.00 0.004    1    2
   1   31   74 30.00 0.062    1    2
   1   32  110 30.00 0.001    1    2
   1   33  104 30.00 0.004    1    2
   1   34   84 30.00 0.071    1    2
   1   35  110 30.00 0.001    1    2
   1   36   78 30.00 0.048    1    2
   1   37   91 30.00 0.030    1    2
   1   38   90 31.00 0.093    1    2
   1   39   89 30.00 0.059    1    2
   1   40   79 30.00 0.072    1    2
   1   41   81 33.00 0.134    1    2
   1   42   95 30.00 0.012    1    2
   1   43   80 32.00 0.113    1    2
   1   44  122 30.00 0.000    1    2
   1   45  105 30.00 0.004    1    2
   1   46   83 32.00 0.116    1    2
   1   47  117 30.00 0.000    1    2
   1   48  109 30.00 0.001    1    2
   1   49   96 40.00 0.279    1    2
   1   50   92 37.00 0.202    1    2
   1   51  116 30.00 0.000    1    2
   1   52   81 30.00 0.069    1    2
   1   53  114 30.00 0.001    1    2
   1   54   87 31.00 0.097    1    2
   1   55  111 30.00 0.003    1    2
   1   56   87 30.00 0.075    1    2
   1   57   94 47.00 0.875    1    2
   1   58   91 32.00 0.114    1    2
   1   59   81 32.00 0.114    1    2
   1   60  121 30.00 0.000    1    2
   1   61  117 30.00 0.001    1    2
   1   62  127 30.00 0.000    1    2
   1   63  102 30.00 0.009    1    2
   1   64   82 48.00 0.999    1    2
   1   65   95 30.00 0.020    1    2
   1   66  105 30.00 0.003    1    2
   1   67  116 30.00 0.001    1    2
   1   68  107 30.00 0.006    1    2
   1   69  112 30.00 0.000    1    2
   1   70   87 30.00 0.066    1    2
   1   71   91 35.00 0.165    1    2
   1   72   81 31.00 0.098    1    2
   1   73   89 31.00 0.096    1    2
   1   74   81 30.00 0.074    1    2
   1   75   91 30.00 0.011    1    2
   1   76  102 30.00 0.006    1    2
   1   77   95 47.00 0.868    1    2
   1   78  107 30.00 0.002    1    2
   1   79  103 30.00 0.007    1    2
   1   80   98 30.00 0.003    1    2
   1   81   80 31.00 0.097    1    2
   1   82   93 48.00 0.955    1    2
   1   83   85 30.00 0.062    1    2
   1   84   94 46.00 0.736    1    2
   1   85   93 30.00 0.010    1    2
   1   86  100 30.00 0.010    1    2
   1   87   82 30.00 0.041    1    2
   1   88  129 30.00 0.000    1    2
   1   89   89 40.00 0.285    1    2
   1   90   98 30.00 0.004    1    2
   1   91   82 31.00 0.102    1    2
   1   92  101 30.00 0.006    1    2
   1   93   89 30.00 0.074    1    2
   1   94   87 32.00 0.120    1    2
   1   95  111 30.00 0.002    1    2
   1   96   92 30.00 0.036    1    2
   1   97   92 43.00 0.458    1    2
   1   98  116 30.00 0.000    1    2
   1   99  115 30.00 0.001    1    2
   1  100  110 30.00 0.001    1    2
