  simno it age mass belief env state
   1    1   99 46.00 0.698    0    2
   1    2   87 48.00 0.996    0    2
   1    3  101 47.00 0.855    0    2
   1    4   85 48.00 0.999    0    2
   1    5   91 48.00 0.978    0    2
   1    6   92 48.00 0.966    0    2
   1    7   95 30.00 0.056    0    2
   1    8   98 47.00 0.834    0    2
   1    9   91 48.00 0.992    0    2
   1   10   86 48.00 0.999    0    2
   1   11   86 48.00 0.997    0    2
   1   12  100 48.00 0.953    0    2
   1   13   89 48.00 0.997    0    2
   1   14   85 48.00 0.999    0    2
   1   15   90 48.00 0.996    0    2
   1   16   78 48.00 1.000    0    2
   1   17   82 48.00 0.999    0    2
   1   18   88 33.00 0.135    0    2
   1   19  103 47.00 0.895    0    2
   1   20   97 47.00 0.848    0    2
   1   21   91 48.00 0.982    0    2
   1   22   76 48.00 1.000    0    2
   1   23   95 48.00 0.968    0    2
   1   24   99 48.00 0.989    0    2
   1   25   82 48.00 0.999    0    2
   1   26  107 48.00 0.937    0    2
   1   27   80 48.00 1.000    0    2
   1   28   73 48.00 1.000    0    2
   1   29   95 48.00 0.975    0    2
   1   30   94 48.00 0.969    0    2
   1   31   96 48.00 0.991    0    2
   1   32   77 48.00 1.000    0    2
   1   33   77 30.00 0.068    0    2
   1   34   90 48.00 0.991    0    2
   1   35   88 30.00 0.072    0    2
   1   36  102 48.00 0.987    0    2
   1   37   81 48.00 1.000    0    2
   1   38   80 48.00 1.000    0    2
   1   39   91 30.00 0.057    0    2
   1   40  104 41.00 0.319    0    2
   1   41  103 47.00 0.893    0    2
   1   42  108 48.00 0.959    0    2
   1   43   95 48.00 0.996    0    2
   1   44   90 48.00 0.986    0    2
   1   45   90 48.00 0.991    0    2
   1   46   92 48.00 0.973    0    2
   1   47   86 48.00 0.997    0    2
   1   48   87 48.00 0.998    0    2
   1   49   83 48.00 1.000    0    2
   1   50   94 48.00 0.947    0    2
   1   51   71 48.00 1.000    0    2
   1   52   94 47.00 0.844    0    2
   1   53   86 48.00 0.997    0    2
   1   54   82 48.00 0.999    0    2
   1   55   89 48.00 0.998    0    2
   1   56   94 48.00 0.970    0    2
   1   57   98 48.00 0.966    0    2
   1   58   75 48.00 1.000    0    2
   1   59   85 48.00 0.997    0    2
   1   60   86 48.00 0.999    0    2
   1   61   84 48.00 0.999    0    2
   1   62   93 48.00 0.971    0    2
   1   63   89 48.00 0.999    0    2
   1   64   88 35.00 0.185    0    2
   1   65   81 33.00 0.132    0    2
   1   66   98 48.00 0.993    0    2
   1   67   84 33.00 0.136    0    2
   1   68   98 48.00 0.949    0    2
   1   69   87 48.00 0.994    0    2
   1   70   80 48.00 1.000    0    2
   1   71   98 48.00 0.959    0    2
   1   72   88 48.00 0.999    0    2
   1   73   93 47.00 0.894    0    2
   1   74   96 48.00 0.953    0    2
   1   75   88 48.00 0.993    0    2
   1   76   95 48.00 0.983    0    2
   1   77   79 48.00 1.000    0    2
   1   78   93 48.00 0.975    0    2
   1   79   88 48.00 0.995    0    2
   1   80   80 30.00 0.065    0    2
   1   81   94 48.00 0.997    0    2
   1   82  114 30.00 0.001    0    2
   1   83   93 48.00 0.964    0    2
   1   84   93 48.00 0.970    0    2
   1   85   83 32.00 0.119    0    2
   1   86   79 48.00 1.000    0    2
   1   87   86 30.00 0.058    0    2
   1   88   98 47.00 0.876    0    2
   1   89   84 30.00 0.075    0    2
   1   90   78 48.00 1.000    0    2
   1   91   89 48.00 0.991    0    2
   1   92   76 48.00 1.000    0    2
   1   93  103 48.00 0.986    0    2
   1   94   95 30.00 0.031    0    2
   1   95   95 47.00 0.865    0    2
   1   96   99 42.00 0.401    0    2
   1   97   83 48.00 0.999    0    2
   1   98   99 45.00 0.619    0    2
   1   99   97 45.00 0.613    0    2
   1  100  100 47.00 0.895    0    2
   1    1  115 30.00 0.001    1    2
   1    2   95 31.00 0.097    1    2
   1    3   99 46.00 0.754    1    2
   1    4  143 30.00 0.000    1    2
   1    5  118 30.00 0.000    1    2
   1    6  105 30.00 0.004    1    2
   1    7  123 30.00 0.000    1    2
   1    8  136 30.00 0.000    1    2
   1    9  112 30.00 0.001    1    2
   1   10  133 30.00 0.000    1    2
   1   11   94 30.00 0.035    1    2
   1   12  115 30.00 0.000    1    2
   1   13   95 30.00 0.005    1    2
   1   14   87 30.00 0.067    1    2
   1   15  113 30.00 0.000    1    2
   1   16  110 30.00 0.001    1    2
   1   17  127 30.00 0.000    1    2
   1   18  113 30.00 0.002    1    2
   1   19   96 30.00 0.020    1    2
   1   20   91 30.00 0.064    1    2
   1   21  106 30.00 0.003    1    2
   1   22  112 30.00 0.002    1    2
   1   23  135 30.00 0.000    1    2
   1   24   93 48.00 0.968    1    2
   1   25   99 30.00 0.012    1    2
   1   26  107 30.00 0.002    1    2
   1   27  118 30.00 0.001    1    2
   1   28   91 30.00 0.009    1    2
   1   29   84 30.00 0.074    1    2
   1   30  109 30.00 0.001    1    2
   1   31   94 30.00 0.031    1    2
   1   32  112 30.00 0.001    1    2
   1   33  125 30.00 0.000    1    2
   1   34   85 30.00 0.025    1    2
   1   35  107 30.00 0.003    1    2
   1   36  131 30.00 0.000    1    2
   1   37   87 37.00 0.217    1    2
   1   38   84 30.00 0.073    1    2
   1   39  142 30.00 0.000    1    2
   1   40  103 30.00 0.004    1    2
   1   41  125 30.00 0.000    1    2
   1   42  134 30.00 0.000    1    2
   1   43   98 30.00 0.011    1    2
   1   44   88 30.00 0.027    1    2
   1   45   80 32.00 0.119    1    2
   1   46   98 30.00 0.014    1    2
   1   47  127 30.00 0.000    1    2
   1   48  100 30.00 0.012    1    2
   1   49   95 41.00 0.350    1    2
   1   50  108 30.00 0.004    1    2
   1   51  129 30.00 0.000    1    2
   1   52  122 30.00 0.000    1    2
   1   53  131 30.00 0.000    1    2
   1   54  111 30.00 0.001    1    2
   1   55  119 30.00 0.000    1    2
   1   56   94 30.00 0.044    1    2
   1   57   90 30.00 0.070    1    2
   1   58   93 34.00 0.145    1    2
   1   59   85 32.00 0.115    1    2
   1   60  148 30.00 0.000    1    2
   1   61   95 30.00 0.042    1    2
   1   62  112 30.00 0.001    1    2
   1   63   83 31.00 0.096    1    2
   1   64  117 30.00 0.000    1    2
   1   65  111 30.00 0.001    1    2
   1   66   83 30.00 0.069    1    2
   1   67  133 30.00 0.000    1    2
   1   68   86 30.00 0.068    1    2
   1   69  106 30.00 0.007    1    2
   1   70  128 30.00 0.000    1    2
   1   71   82 30.00 0.050    1    2
   1   72  126 30.00 0.000    1    2
   1   73   95 30.00 0.044    1    2
   1   74  115 30.00 0.000    1    2
   1   75   92 30.00 0.018    1    2
   1   76  122 30.00 0.000    1    2
   1   77   81 36.00 0.209    1    2
   1   78   97 30.00 0.019    1    2
   1   79   88 30.00 0.068    1    2
   1   80   86 30.00 0.038    1    2
   1   81   99 30.00 0.005    1    2
   1   82  128 30.00 0.000    1    2
   1   83  118 30.00 0.000    1    2
   1   84  151 30.00 0.000    1    2
   1   85  100 30.00 0.012    1    2
   1   86  129 30.00 0.000    1    2
   1   87  102 30.00 0.003    1    2
   1   88  122 30.00 0.000    1    2
   1   89   98 30.00 0.014    1    2
   1   90   92 30.00 0.016    1    2
   1   91  100 30.00 0.009    1    2
   1   92   82 32.00 0.125    1    2
   1   93   98 30.00 0.015    1    2
   1   94  115 30.00 0.000    1    2
   1   95  124 30.00 0.000    1    2
   1   96   96 30.00 0.020    1    2
   1   97  101 30.00 0.013    1    2
   1   98   99 30.00 0.020    1    2
   1   99   96 30.00 0.042    1    2
   1  100  104 30.00 0.008    1    2
