  simno it age mass belief env state
   1    1   94 41.00 0.351    0    2
   1    2   93 48.00 0.976    0    2
   1    3   93 48.00 0.946    0    2
   1    4   76 48.00 0.999    0    2
   1    5   90 48.00 0.966    0    2
   1    6   89 48.00 0.990    0    2
   1    7  100 30.00 0.006    0    2
   1    8   82 48.00 0.996    0    2
   1    9   89 48.00 0.990    0    2
   1   10   85 48.00 0.997    0    2
   1   11   88 48.00 0.986    0    2
   1   12   87 48.00 0.987    0    2
   1   13   85 48.00 0.990    0    2
   1   14   90 47.00 0.875    0    2
   1   15   92 47.00 0.893    0    2
   1   16   67 48.00 1.000    0    2
   1   17   80 48.00 0.998    0    2
   1   18   83 30.00 0.067    0    2
   1   19   95 46.00 0.706    0    2
   1   20   96 48.00 0.991    0    2
   1   21   98 48.00 0.980    0    2
   1   22   78 48.00 1.000    0    2
   1   23   85 48.00 0.997    0    2
   1   24   93 48.00 0.934    0    2
   1   25   84 48.00 0.990    0    2
   1   26   94 42.00 0.362    0    2
   1   27   88 48.00 0.987    0    2
   1   28   88 48.00 0.972    0    2
   1   29   73 48.00 1.000    0    2
   1   30   76 48.00 1.000    0    2
   1   31   82 48.00 0.994    0    2
   1   32   99 45.00 0.626    0    2
   1   33   82 48.00 0.998    0    2
   1   34   81 48.00 0.997    0    2
   1   35   91 47.00 0.897    0    2
   1   36   92 46.00 0.723    0    2
   1   37   91 30.00 0.022    0    2
   1   38   83 48.00 0.994    0    2
   1   39   81 48.00 0.998    0    2
   1   40   91 48.00 0.971    0    2
   1   41   82 48.00 0.997    0    2
   1   42   86 48.00 0.972    0    2
   1   43   79 30.00 0.074    0    2
   1   44   88 48.00 0.991    0    2
   1   45   82 48.00 0.998    0    2
   1   46   87 48.00 0.977    0    2
   1   47   91 48.00 0.956    0    2
   1   48   84 48.00 0.997    0    2
   1   49   88 48.00 0.986    0    2
   1   50   89 48.00 0.995    0    2
   1   51   89 48.00 0.997    0    2
   1   52   91 47.00 0.892    0    2
   1   53   68 48.00 1.000    0    2
   1   54   88 48.00 0.957    0    2
   1   55   85 48.00 0.994    0    2
   1   56   80 48.00 0.999    0    2
   1   57   85 48.00 0.997    0    2
   1   58  101 47.00 0.846    0    2
   1   59   93 47.00 0.883    0    2
   1   60   66 48.00 1.000    0    2
   1   61   86 48.00 0.999    0    2
   1   62   91 47.00 0.903    0    2
   1   63   71 48.00 1.000    0    2
   1   64   81 48.00 0.998    0    2
   1   65   87 48.00 0.978    0    2
   1   66   85 48.00 0.998    0    2
   1   67   79 48.00 0.999    0    2
   1   68   77 36.00 0.184    0    2
   1   69   72 48.00 1.000    0    2
   1   70   79 48.00 0.998    0    2
   1   71   86 35.00 0.173    0    2
   1   72   93 47.00 0.829    0    2
   1   73   87 48.00 0.984    0    2
   1   74   80 48.00 0.998    0    2
   1   75   86 48.00 0.997    0    2
   1   76   84 48.00 0.990    0    2
   1   77   98 30.00 0.004    0    2
   1   78   86 48.00 0.992    0    2
   1   79   87 48.00 0.985    0    2
   1   80   90 48.00 0.973    0    2
   1   81   82 48.00 0.999    0    2
   1   82   89 48.00 0.996    0    2
   1   83   76 48.00 1.000    0    2
   1   84   78 30.00 0.074    0    2
   1   85   73 48.00 1.000    0    2
   1   86  107 30.00 0.001    0    2
   1   87   82 48.00 0.996    0    2
   1   88   86 48.00 0.988    0    2
   1   89   89 47.00 0.900    0    2
   1   90   67 48.00 1.000    0    2
   1   91   89 30.00 0.040    0    2
   1   92   87 48.00 0.994    0    2
   1   93   90 38.00 0.235    0    2
   1   94   69 48.00 1.000    0    2
   1   95   78 48.00 0.999    0    2
   1   96   93 48.00 0.978    0    2
   1   97   89 48.00 0.970    0    2
   1   98   83 48.00 0.995    0    2
   1   99   77 48.00 1.000    0    2
   1  100   80 48.00 0.998    0    2
   1    1  115 30.00 0.000    1    2
   1    2   94 30.00 0.010    1    2
   1    3  128 30.00 0.000    1    2
   1    4   81 35.00 0.186    1    2
   1    5   86 30.00 0.038    1    2
   1    6  108 30.00 0.001    1    2
   1    7   98 30.00 0.007    1    2
   1    8  128 30.00 0.000    1    2
   1    9  111 30.00 0.001    1    2
   1   10  119 30.00 0.000    1    2
   1   11   85 30.00 0.065    1    2
   1   12  103 30.00 0.003    1    2
   1   13   92 39.00 0.249    1    2
   1   14  104 30.00 0.003    1    2
   1   15  137 30.00 0.000    1    2
   1   16  131 30.00 0.000    1    2
   1   17   87 32.00 0.119    1    2
   1   18  130 30.00 0.000    1    2
   1   19  127 30.00 0.000    1    2
   1   20  113 30.00 0.000    1    2
   1   21   88 30.00 0.045    1    2
   1   22   96 30.00 0.006    1    2
   1   23   94 30.00 0.016    1    2
   1   24   84 30.00 0.066    1    2
   1   25   84 30.00 0.066    1    2
   1   26   83 30.00 0.073    1    2
   1   27  107 30.00 0.001    1    2
   1   28  111 30.00 0.001    1    2
   1   29  121 30.00 0.000    1    2
   1   30   86 31.00 0.096    1    2
   1   31   97 30.00 0.006    1    2
   1   32   80 36.00 0.183    1    2
   1   33  124 30.00 0.000    1    2
   1   34  103 30.00 0.004    1    2
   1   35   86 30.00 0.066    1    2
   1   36  108 30.00 0.001    1    2
   1   37   80 36.00 0.178    1    2
   1   38  115 30.00 0.000    1    2
   1   39   94 30.00 0.005    1    2
   1   40   85 30.00 0.072    1    2
   1   41  118 30.00 0.000    1    2
   1   42  116 30.00 0.000    1    2
   1   43   84 32.00 0.119    1    2
   1   44   81 30.00 0.029    1    2
   1   45   98 30.00 0.006    1    2
   1   46  101 30.00 0.005    1    2
   1   47   91 30.00 0.015    1    2
   1   48   93 41.00 0.343    1    2
   1   49  129 30.00 0.000    1    2
   1   50  101 30.00 0.005    1    2
   1   51   89 30.00 0.065    1    2
   1   52   93 30.00 0.010    1    2
   1   53   76 30.00 0.074    1    2
   1   54  114 30.00 0.000    1    2
   1   55  124 30.00 0.000    1    2
   1   56  103 30.00 0.002    1    2
   1   57  100 30.00 0.003    1    2
   1   58   74 32.00 0.119    1    2
   1   59  124 30.00 0.000    1    2
   1   60  123 30.00 0.000    1    2
   1   61  128 30.00 0.000    1    2
   1   62  113 30.00 0.000    1    2
   1   63  132 30.00 0.000    1    2
   1   64   84 32.00 0.115    1    2
   1   65   81 34.00 0.159    1    2
   1   66   85 30.00 0.060    1    2
   1   67  103 30.00 0.003    1    2
   1   68  125 30.00 0.000    1    2
   1   69  102 30.00 0.004    1    2
   1   70  110 30.00 0.001    1    2
   1   71   75 33.00 0.132    1    2
   1   72  127 30.00 0.000    1    2
   1   73  109 30.00 0.001    1    2
   1   74   94 30.00 0.018    1    2
   1   75  110 30.00 0.000    1    2
   1   76   96 47.00 0.839    1    2
   1   77  108 30.00 0.001    1    2
   1   78  126 30.00 0.000    1    2
   1   79   83 30.00 0.070    1    2
   1   80  132 30.00 0.000    1    2
   1   81   87 30.00 0.045    1    2
   1   82  110 30.00 0.001    1    2
   1   83   88 30.00 0.040    1    2
   1   84  101 30.00 0.004    1    2
   1   85   92 30.00 0.028    1    2
   1   86   80 30.00 0.071    1    2
   1   87  113 30.00 0.000    1    2
   1   88   93 30.00 0.019    1    2
   1   89   75 31.00 0.095    1    2
   1   90  109 30.00 0.001    1    2
   1   91  103 30.00 0.002    1    2
   1   92  109 30.00 0.001    1    2
   1   93  118 30.00 0.000    1    2
   1   94   79 30.00 0.063    1    2
   1   95   93 48.00 0.954    1    2
   1   96  157 30.00 0.000    1    2
   1   97  114 30.00 0.000    1    2
   1   98   85 32.00 0.114    1    2
   1   99   88 37.00 0.214    1    2
   1  100   97 30.00 0.011    1    2
