  simno it age mass belief env state
   1    1   90 48.00 0.928    0    2
   1    2   89 48.00 0.954    0    2
   1    3   73 33.00 0.060    0    2
   1    4   74 34.00 0.083    0    2
   1    5   88 48.00 0.974    0    2
   1    6   73 33.00 0.060    0    2
   1    7   87 48.00 0.975    0    2
   1    8   77 36.00 0.118    0    2
   1    9   79 48.00 0.999    0    2
   1   10   90 48.00 0.930    0    2
   1   11   80 48.00 0.999    0    2
   1   12   90 47.00 0.843    0    2
   1   13   88 48.00 0.969    0    2
   1   14   74 34.00 0.085    0    2
   1   15   84 48.00 0.993    0    2
   1   16   74 34.00 0.083    0    2
   1   17   85 48.00 0.991    0    2
   1   18   85 48.00 0.989    0    2
   1   19   88 48.00 0.978    0    2
   1   20   88 43.00 0.311    0    2
   1   21   85 48.00 0.990    0    2
   1   22   74 34.00 0.086    0    2
   1   23   86 48.00 0.987    0    2
   1   24   73 32.00 0.026    0    2
   1   25   88 48.00 0.969    0    2
   1   26   82 48.00 0.997    0    2
   1   27   89 44.00 0.403    0    2
   1   28   78 48.00 0.999    0    2
   1   29   85 41.00 0.238    0    2
   1   30   86 48.00 0.987    0    2
   1   31   86 48.00 0.986    0    2
   1   32   90 47.00 0.844    0    2
   1   33   89 48.00 0.954    0    2
   1   34   84 48.00 0.994    0    2
   1   35   76 48.00 1.000    0    2
   1   36   82 48.00 0.997    0    2
   1   37   90 47.00 0.843    0    2
   1   38   77 48.00 1.000    0    2
   1   39   87 48.00 0.977    0    2
   1   40   89 48.00 0.947    0    2
   1   41   84 48.00 0.994    0    2
   1   42   90 47.00 0.845    0    2
   1   43   79 48.00 0.999    0    2
   1   44   88 43.00 0.310    0    2
   1   45   90 48.00 0.933    0    2
   1   46   90 47.00 0.853    0    2
   1   47   83 48.00 0.995    0    2
   1   48   83 48.00 0.996    0    2
   1   49   82 39.00 0.168    0    2
   1   50   90 47.00 0.847    0    2
   1   51   87 48.00 0.978    0    2
   1   52   88 43.00 0.312    0    2
   1   53   87 48.00 0.978    0    2
   1   54   81 48.00 0.998    0    2
   1   55   88 48.00 0.966    0    2
   1   56   85 41.00 0.232    0    2
   1   57   90 47.00 0.837    0    2
   1   58   90 47.00 0.843    0    2
   1   59   72 48.00 1.000    0    2
   1   60   91 47.00 0.790    0    2
   1   61   73 32.00 0.027    0    2
   1   62   80 48.00 0.999    0    2
   1   63   74 34.00 0.088    0    2
   1   64   90 45.00 0.543    0    2
   1   65   86 48.00 0.986    0    2
   1   66   88 48.00 0.967    0    2
   1   67   87 48.00 0.979    0    2
   1   68   88 48.00 0.968    0    2
   1   69   91 48.00 0.904    0    2
   1   70   89 48.00 0.948    0    2
   1   71   85 48.00 0.992    0    2
   1   72   85 48.00 0.990    0    2
   1   73   87 48.00 0.975    0    2
   1   74   73 33.00 0.057    0    2
   1   75   82 48.00 0.997    0    2
   1   76   80 48.00 0.999    0    2
   1   77   91 46.00 0.611    0    2
   1   78   73 32.00 0.031    0    2
   1   79   88 48.00 0.970    0    2
   1   80   91 47.00 0.821    0    2
   1   81   74 32.00 0.019    0    2
   1   82   77 36.00 0.127    0    2
   1   83   73 33.00 0.056    0    2
   1   84   90 47.00 0.839    0    2
   1   85   75 34.00 0.066    0    2
   1   86   86 48.00 0.987    0    2
   1   87   90 48.00 0.926    0    2
   1   88   90 48.00 0.928    0    2
   1   89   91 48.00 0.911    0    2
   1   90   76 32.00 0.010    0    2
   1   91   89 48.00 0.948    0    2
   1   92   87 48.00 0.979    0    2
   1   93   86 48.00 0.985    0    2
   1   94   76 35.00 0.096    0    2
   1   95   89 48.00 0.955    0    2
   1   96   84 48.00 0.995    0    2
   1   97   90 47.00 0.847    0    2
   1   98   91 47.00 0.780    0    2
   1   99   87 48.00 0.977    0    2
   1  100   91 47.00 0.782    0    2
   1    1   93 32.00 0.000    1    2
   1    2   81 32.00 0.002    1    2
   1    3   73 33.00 0.062    1    2
   1    4   82 32.00 0.001    1    2
   1    5   84 32.00 0.001    1    2
   1    6  106 32.00 0.000    1    2
   1    7   95 32.00 0.000    1    2
   1    8   84 32.00 0.000    1    2
   1    9   81 32.00 0.001    1    2
   1   10   87 32.00 0.000    1    2
   1   11  111 32.00 0.000    1    2
   1   12   88 32.00 0.000    1    2
   1   13   94 32.00 0.000    1    2
   1   14  104 32.00 0.000    1    2
   1   15   91 32.00 0.000    1    2
   1   16   79 32.00 0.003    1    2
   1   17   76 32.00 0.009    1    2
   1   18   92 32.00 0.000    1    2
   1   19   76 32.00 0.009    1    2
   1   20   77 32.00 0.007    1    2
   1   21   74 34.00 0.083    1    2
   1   22   83 32.00 0.001    1    2
   1   23   88 32.00 0.000    1    2
   1   24   94 32.00 0.000    1    2
   1   25   92 32.00 0.000    1    2
   1   26  107 32.00 0.000    1    2
   1   27   84 32.00 0.000    1    2
   1   28   84 32.00 0.000    1    2
   1   29  101 32.00 0.000    1    2
   1   30   82 32.00 0.001    1    2
   1   31  103 32.00 0.000    1    2
   1   32   92 32.00 0.000    1    2
   1   33   95 32.00 0.000    1    2
   1   34   99 32.00 0.000    1    2
   1   35  102 32.00 0.000    1    2
   1   36   94 32.00 0.000    1    2
   1   37   93 32.00 0.000    1    2
   1   38   91 32.00 0.000    1    2
   1   39  101 32.00 0.000    1    2
   1   40   73 32.00 0.027    1    2
   1   41   74 32.00 0.019    1    2
   1   42   90 32.00 0.000    1    2
   1   43   93 32.00 0.000    1    2
   1   44   82 39.00 0.171    1    2
   1   45   82 32.00 0.001    1    2
   1   46   96 32.00 0.000    1    2
   1   47   85 32.00 0.000    1    2
   1   48   94 32.00 0.000    1    2
   1   49   74 32.00 0.019    1    2
   1   50   84 32.00 0.001    1    2
   1   51   90 32.00 0.000    1    2
   1   52   74 32.00 0.018    1    2
   1   53   90 32.00 0.000    1    2
   1   54   97 32.00 0.000    1    2
   1   55   94 32.00 0.000    1    2
   1   56   73 33.00 0.058    1    2
   1   57   91 47.00 0.783    1    2
   1   58   90 32.00 0.000    1    2
   1   59  106 32.00 0.000    1    2
   1   60   82 32.00 0.001    1    2
   1   61   85 32.00 0.000    1    2
   1   62   89 32.00 0.000    1    2
   1   63   97 32.00 0.000    1    2
   1   64   83 32.00 0.001    1    2
   1   65   95 32.00 0.000    1    2
   1   66   92 32.00 0.000    1    2
   1   67   73 33.00 0.058    1    2
   1   68  117 32.00 0.000    1    2
   1   69  100 32.00 0.000    1    2
   1   70   78 32.00 0.005    1    2
   1   71  108 32.00 0.000    1    2
   1   72   83 32.00 0.001    1    2
   1   73  112 32.00 0.000    1    2
   1   74   93 32.00 0.000    1    2
   1   75   90 32.00 0.000    1    2
   1   76   88 32.00 0.000    1    2
   1   77   88 32.00 0.000    1    2
   1   78   82 32.00 0.001    1    2
   1   79   90 32.00 0.000    1    2
   1   80   97 32.00 0.000    1    2
   1   81   84 40.00 0.180    1    2
   1   82   84 32.00 0.000    1    2
   1   83   95 32.00 0.000    1    2
   1   84   92 32.00 0.000    1    2
   1   85   84 32.00 0.001    1    2
   1   86   86 32.00 0.000    1    2
   1   87   97 32.00 0.000    1    2
   1   88   79 32.00 0.003    1    2
   1   89   83 40.00 0.232    1    2
   1   90   90 32.00 0.000    1    2
   1   91   78 32.00 0.005    1    2
   1   92   93 32.00 0.000    1    2
   1   93   96 32.00 0.000    1    2
   1   94   96 32.00 0.000    1    2
   1   95   85 32.00 0.000    1    2
   1   96   76 32.00 0.011    1    2
   1   97   98 32.00 0.000    1    2
   1   98   79 32.00 0.004    1    2
   1   99   73 32.00 0.030    1    2
   1  100   73 33.00 0.058    1    2
