  simno it age mass belief env state
   1    1   90 48.00 0.922    0    2
   1    2   89 48.00 0.949    0    2
   1    3   74 32.00 0.018    0    2
   1    4   80 38.00 0.165    0    2
   1    5   85 48.00 0.992    0    2
   1    6   90 48.00 0.922    0    2
   1    7   81 48.00 0.998    0    2
   1    8   84 48.00 0.993    0    2
   1    9   80 48.00 0.999    0    2
   1   10   87 48.00 0.977    0    2
   1   11   79 48.00 0.999    0    2
   1   12   90 47.00 0.837    0    2
   1   13   86 48.00 0.985    0    2
   1   14   90 48.00 0.921    0    2
   1   15   91 47.00 0.777    0    2
   1   16   82 48.00 0.997    0    2
   1   17   74 34.00 0.084    0    2
   1   18   89 48.00 0.957    0    2
   1   19   89 44.00 0.408    0    2
   1   20   89 44.00 0.401    0    2
   1   21   90 48.00 0.921    0    2
   1   22   88 48.00 0.966    0    2
   1   23   83 40.00 0.229    0    2
   1   24   75 48.00 1.000    0    2
   1   25   89 48.00 0.947    0    2
   1   26   79 48.00 0.999    0    2
   1   27   88 48.00 0.964    0    2
   1   28   87 48.00 0.976    0    2
   1   29   90 47.00 0.848    0    2
   1   30   88 48.00 0.967    0    2
   1   31   77 48.00 1.000    0    2
   1   32   76 35.00 0.097    0    2
   1   33   85 41.00 0.231    0    2
   1   34   86 48.00 0.985    0    2
   1   35   85 48.00 0.991    0    2
   1   36   87 48.00 0.977    0    2
   1   37   90 47.00 0.838    0    2
   1   38   88 48.00 0.963    0    2
   1   39   78 48.00 0.999    0    2
   1   40   87 48.00 0.978    0    2
   1   41   73 33.00 0.065    0    2
   1   42   90 47.00 0.854    0    2
   1   43   89 48.00 0.953    0    2
   1   44   87 48.00 0.977    0    2
   1   45   87 48.00 0.975    0    2
   1   46   90 47.00 0.848    0    2
   1   47   90 48.00 0.923    0    2
   1   48   89 44.00 0.402    0    2
   1   49   90 47.00 0.837    0    2
   1   50   82 48.00 0.997    0    2
   1   51   87 48.00 0.978    0    2
   1   52   88 48.00 0.967    0    2
   1   53   90 45.00 0.507    0    2
   1   54   76 35.00 0.086    0    2
   1   55   78 48.00 0.999    0    2
   1   56   88 48.00 0.963    0    2
   1   57   73 33.00 0.059    0    2
   1   58   91 46.00 0.639    0    2
   1   59   86 48.00 0.984    0    2
   1   60   84 48.00 0.993    0    2
   1   61   86 48.00 0.984    0    2
   1   62   86 48.00 0.984    0    2
   1   63   83 40.00 0.230    0    2
   1   64   90 47.00 0.836    0    2
   1   65   85 48.00 0.991    0    2
   1   66   91 47.00 0.787    0    2
   1   67   82 48.00 0.997    0    2
   1   68   75 48.00 1.000    0    2
   1   69   73 32.00 0.033    0    2
   1   70   87 48.00 0.978    0    2
   1   71   86 48.00 0.983    0    2
   1   72   73 48.00 1.000    0    2
   1   73   83 48.00 0.995    0    2
   1   74   86 42.00 0.311    0    2
   1   75   85 48.00 0.991    0    2
   1   76   82 48.00 0.997    0    2
   1   77   75 32.00 0.017    0    2
   1   78   88 48.00 0.966    0    2
   1   79   81 48.00 0.998    0    2
   1   80   73 33.00 0.056    0    2
   1   81   79 32.00 0.004    0    2
   1   82   88 48.00 0.964    0    2
   1   83   89 48.00 0.956    0    2
   1   84   89 48.00 0.950    0    2
   1   85   85 48.00 0.991    0    2
   1   86   87 48.00 0.979    0    2
   1   87   78 48.00 0.999    0    2
   1   88   85 48.00 0.989    0    2
   1   89   89 48.00 0.948    0    2
   1   90   91 46.00 0.626    0    2
   1   91   86 48.00 0.986    0    2
   1   92   91 47.00 0.780    0    2
   1   93   87 48.00 0.977    0    2
   1   94   89 48.00 0.948    0    2
   1   95   91 46.00 0.611    0    2
   1   96   90 47.00 0.837    0    2
   1   97   82 48.00 0.997    0    2
   1   98   81 48.00 0.998    0    2
   1   99   91 47.00 0.773    0    2
   1  100   88 48.00 0.964    0    2
   1    1   79 32.00 0.003    1    2
   1    2   84 32.00 0.000    1    2
   1    3   88 32.00 0.000    1    2
   1    4   80 32.00 0.002    1    2
   1    5   77 32.00 0.006    1    2
   1    6   92 32.00 0.000    1    2
   1    7   86 32.00 0.000    1    2
   1    8   84 32.00 0.000    1    2
   1    9   73 32.00 0.029    1    2
   1   10   91 32.00 0.000    1    2
   1   11   97 32.00 0.000    1    2
   1   12   82 32.00 0.001    1    2
   1   13   92 32.00 0.000    1    2
   1   14   95 32.00 0.000    1    2
   1   15   89 32.00 0.000    1    2
   1   16   81 32.00 0.001    1    2
   1   17   78 32.00 0.005    1    2
   1   18   84 32.00 0.000    1    2
   1   19   81 32.00 0.002    1    2
   1   20   94 32.00 0.000    1    2
   1   21   81 32.00 0.001    1    2
   1   22   79 32.00 0.003    1    2
   1   23   97 32.00 0.000    1    2
   1   24   90 32.00 0.000    1    2
   1   25   93 32.00 0.000    1    2
   1   26  108 32.00 0.000    1    2
   1   27   84 32.00 0.000    1    2
   1   28   92 32.00 0.000    1    2
   1   29   98 32.00 0.000    1    2
   1   30   85 32.00 0.000    1    2
   1   31  107 32.00 0.000    1    2
   1   32  105 32.00 0.000    1    2
   1   33   96 32.00 0.000    1    2
   1   34   86 32.00 0.000    1    2
   1   35   94 32.00 0.000    1    2
   1   36   86 32.00 0.000    1    2
   1   37   84 32.00 0.000    1    2
   1   38   84 32.00 0.000    1    2
   1   39   99 32.00 0.000    1    2
   1   40   73 32.00 0.026    1    2
   1   41   87 32.00 0.000    1    2
   1   42   78 32.00 0.005    1    2
   1   43   93 32.00 0.000    1    2
   1   44   82 32.00 0.001    1    2
   1   45   91 32.00 0.000    1    2
   1   46   95 32.00 0.000    1    2
   1   47   84 32.00 0.000    1    2
   1   48   82 32.00 0.001    1    2
   1   49   74 32.00 0.021    1    2
   1   50   86 32.00 0.000    1    2
   1   51   84 32.00 0.001    1    2
   1   52   75 32.00 0.013    1    2
   1   53   89 32.00 0.000    1    2
   1   54   94 32.00 0.000    1    2
   1   55   97 32.00 0.000    1    2
   1   56   80 38.00 0.165    1    2
   1   57   73 32.00 0.028    1    2
   1   58   81 32.00 0.001    1    2
   1   59   98 32.00 0.000    1    2
   1   60   78 32.00 0.005    1    2
   1   61   80 32.00 0.002    1    2
   1   62   82 32.00 0.001    1    2
   1   63   89 32.00 0.000    1    2
   1   64   83 32.00 0.001    1    2
   1   65   83 32.00 0.001    1    2
   1   66   94 32.00 0.000    1    2
   1   67   73 32.00 0.026    1    2
   1   68  105 32.00 0.000    1    2
   1   69   86 32.00 0.000    1    2
   1   70   92 32.00 0.000    1    2
   1   71   94 32.00 0.000    1    2
   1   72   89 32.00 0.000    1    2
   1   73   83 32.00 0.001    1    2
   1   74   77 32.00 0.008    1    2
   1   75   78 32.00 0.005    1    2
   1   76  112 32.00 0.000    1    2
   1   77   87 32.00 0.000    1    2
   1   78   83 32.00 0.001    1    2
   1   79   77 32.00 0.008    1    2
   1   80  106 32.00 0.000    1    2
   1   81   78 32.00 0.005    1    2
   1   82   87 32.00 0.000    1    2
   1   83   88 32.00 0.000    1    2
   1   84   87 32.00 0.000    1    2
   1   85   85 32.00 0.000    1    2
   1   86   88 32.00 0.000    1    2
   1   87   89 32.00 0.000    1    2
   1   88   79 32.00 0.003    1    2
   1   89   83 32.00 0.001    1    2
   1   90  101 32.00 0.000    1    2
   1   91   88 32.00 0.000    1    2
   1   92  103 32.00 0.000    1    2
   1   93   86 32.00 0.000    1    2
   1   94   94 32.00 0.000    1    2
   1   95   85 32.00 0.000    1    2
   1   96   93 32.00 0.000    1    2
   1   97   82 32.00 0.001    1    2
   1   98   89 32.00 0.000    1    2
   1   99  107 32.00 0.000    1    2
   1  100   78 32.00 0.005    1    2
