  simno it age mass belief env state
   1    1   94 41.00 0.341    0    2
   1    2   92 48.00 0.979    0    2
   1    3   87 33.00 0.135    0    2
   1    4   84 48.00 0.998    0    2
   1    5   84 30.00 0.043    0    2
   1    6   87 35.00 0.161    0    2
   1    7   89 30.00 0.026    0    2
   1    8   91 48.00 0.979    0    2
   1    9   94 48.00 0.984    0    2
   1   10   99 48.00 0.979    0    2
   1   11   82 31.00 0.093    0    2
   1   12   86 48.00 0.997    0    2
   1   13   89 48.00 0.988    0    2
   1   14   81 33.00 0.139    0    2
   1   15   93 48.00 0.956    0    2
   1   16   74 48.00 1.000    0    2
   1   17   85 34.00 0.146    0    2
   1   18   91 30.00 0.035    0    2
   1   19   79 31.00 0.100    0    2
   1   20  102 48.00 0.982    0    2
   1   21   96 48.00 0.986    0    2
   1   22   91 48.00 0.998    0    2
   1   23   79 48.00 1.000    0    2
   1   24   81 31.00 0.095    0    2
   1   25   94 48.00 0.966    0    2
   1   26  107 30.00 0.002    0    2
   1   27   87 48.00 0.995    0    2
   1   28   87 48.00 0.997    0    2
   1   29   94 47.00 0.872    0    2
   1   30   80 48.00 1.000    0    2
   1   31   85 33.00 0.130    0    2
   1   32   84 48.00 1.000    0    2
   1   33   84 48.00 0.999    0    2
   1   34   90 48.00 0.992    0    2
   1   35   91 48.00 0.985    0    2
   1   36   89 32.00 0.127    0    2
   1   37   84 32.00 0.119    0    2
   1   38   95 48.00 0.981    0    2
   1   39   91 48.00 0.978    0    2
   1   40   84 32.00 0.122    0    2
   1   41   91 48.00 0.981    0    2
   1   42   98 30.00 0.011    0    2
   1   43   95 41.00 0.359    0    2
   1   44   90 48.00 0.986    0    2
   1   45  107 47.00 0.846    0    2
   1   46   97 48.00 0.980    0    2
   1   47   93 35.00 0.173    0    2
   1   48   96 48.00 0.976    0    2
   1   49   78 32.00 0.119    0    2
   1   50  101 42.00 0.373    0    2
   1   51   72 48.00 1.000    0    2
   1   52   94 48.00 0.973    0    2
   1   53   90 48.00 0.990    0    2
   1   54   79 48.00 1.000    0    2
   1   55   83 30.00 0.068    0    2
   1   56   86 31.00 0.102    0    2
   1   57   94 32.00 0.109    0    2
   1   58   82 48.00 0.999    0    2
   1   59   92 48.00 0.997    0    2
   1   60   95 48.00 0.946    0    2
   1   61   82 48.00 1.000    0    2
   1   62   86 48.00 0.996    0    2
   1   63   90 48.00 0.984    0    2
   1   64   94 48.00 0.949    0    2
   1   65   83 48.00 0.999    0    2
   1   66   91 30.00 0.017    0    2
   1   67   89 48.00 0.990    0    2
   1   68   95 48.00 0.948    0    2
   1   69   95 44.00 0.511    0    2
   1   70   87 48.00 0.996    0    2
   1   71   86 48.00 0.996    0    2
   1   72   79 48.00 1.000    0    2
   1   73   91 48.00 0.993    0    2
   1   74   98 46.00 0.725    0    2
   1   75   96 48.00 0.944    0    2
   1   76   96 48.00 0.941    0    2
   1   77   82 48.00 0.999    0    2
   1   78   98 47.00 0.862    0    2
   1   79   92 48.00 0.973    0    2
   1   80   89 36.00 0.182    0    2
   1   81   94 48.00 0.996    0    2
   1   82   93 30.00 0.017    0    2
   1   83   71 48.00 1.000    0    2
   1   84   95 48.00 0.961    0    2
   1   85   85 48.00 0.999    0    2
   1   86   92 48.00 0.996    0    2
   1   87   97 30.00 0.020    0    2
   1   88   97 48.00 0.993    0    2
   1   89   95 45.00 0.614    0    2
   1   90   74 48.00 1.000    0    2
   1   91   81 48.00 0.999    0    2
   1   92   94 48.00 0.991    0    2
   1   93   89 48.00 0.993    0    2
   1   94   93 48.00 0.950    0    2
   1   95   86 48.00 0.997    0    2
   1   96   90 48.00 0.990    0    2
   1   97   95 48.00 0.962    0    2
   1   98   89 48.00 0.992    0    2
   1   99   98 30.00 0.011    0    2
   1  100   93 48.00 0.987    0    2
   1    1  120 30.00 0.000    1    2
   1    2   97 30.00 0.029    1    2
   1    3   93 30.00 0.053    1    2
   1    4  148 30.00 0.000    1    2
   1    5   87 30.00 0.061    1    2
   1    6  120 30.00 0.000    1    2
   1    7   93 30.00 0.026    1    2
   1    8   92 30.00 0.024    1    2
   1    9   99 30.00 0.007    1    2
   1   10   98 30.00 0.014    1    2
   1   11  106 30.00 0.002    1    2
   1   12  122 30.00 0.000    1    2
   1   13   86 30.00 0.066    1    2
   1   14  116 30.00 0.000    1    2
   1   15  118 30.00 0.000    1    2
   1   16  100 30.00 0.002    1    2
   1   17   99 30.00 0.012    1    2
   1   18  116 30.00 0.000    1    2
   1   19  108 30.00 0.003    1    2
   1   20   86 30.00 0.050    1    2
   1   21  104 30.00 0.011    1    2
   1   22   86 30.00 0.075    1    2
   1   23  127 30.00 0.000    1    2
   1   24  107 30.00 0.003    1    2
   1   25   92 30.00 0.011    1    2
   1   26   91 31.00 0.092    1    2
   1   27  101 30.00 0.005    1    2
   1   28   86 38.00 0.218    1    2
   1   29  132 30.00 0.000    1    2
   1   30  116 30.00 0.001    1    2
   1   31   83 34.00 0.146    1    2
   1   32   95 30.00 0.008    1    2
   1   33   87 30.00 0.072    1    2
   1   34  122 30.00 0.000    1    2
   1   35  109 30.00 0.001    1    2
   1   36   85 31.00 0.097    1    2
   1   37  136 30.00 0.000    1    2
   1   38  127 30.00 0.000    1    2
   1   39   88 39.00 0.266    1    2
   1   40   83 30.00 0.076    1    2
   1   41  131 30.00 0.000    1    2
   1   42   86 30.00 0.041    1    2
   1   43  139 30.00 0.000    1    2
   1   44  129 30.00 0.000    1    2
   1   45   80 30.00 0.058    1    2
   1   46   96 30.00 0.010    1    2
   1   47   81 31.00 0.101    1    2
   1   48  104 30.00 0.002    1    2
   1   49  137 30.00 0.000    1    2
   1   50   99 30.00 0.021    1    2
   1   51  117 30.00 0.001    1    2
   1   52  109 30.00 0.005    1    2
   1   53  132 30.00 0.000    1    2
   1   54  125 30.00 0.000    1    2
   1   55  114 30.00 0.001    1    2
   1   56  113 30.00 0.001    1    2
   1   57  111 30.00 0.000    1    2
   1   58   97 30.00 0.026    1    2
   1   59   93 30.00 0.044    1    2
   1   60   87 30.00 0.073    1    2
   1   61   82 31.00 0.102    1    2
   1   62  113 30.00 0.001    1    2
   1   63  105 30.00 0.003    1    2
   1   64  131 30.00 0.000    1    2
   1   65   81 31.00 0.096    1    2
   1   66  131 30.00 0.000    1    2
   1   67  112 30.00 0.001    1    2
   1   68   84 30.00 0.063    1    2
   1   69  140 30.00 0.000    1    2
   1   70   89 30.00 0.057    1    2
   1   71   97 30.00 0.026    1    2
   1   72  135 30.00 0.000    1    2
   1   73  118 30.00 0.000    1    2
   1   74  114 30.00 0.001    1    2
   1   75   95 41.00 0.321    1    2
   1   76  126 30.00 0.000    1    2
   1   77   84 31.00 0.095    1    2
   1   78  110 30.00 0.002    1    2
   1   79   85 30.00 0.023    1    2
   1   80   92 33.00 0.150    1    2
   1   81   97 39.00 0.277    1    2
   1   82  128 30.00 0.000    1    2
   1   83  110 30.00 0.002    1    2
   1   84  126 30.00 0.000    1    2
   1   85  131 30.00 0.000    1    2
   1   86  119 30.00 0.000    1    2
   1   87  103 47.00 0.872    1    2
   1   88  160 30.00 0.000    1    2
   1   89  124 30.00 0.000    1    2
   1   90   84 34.00 0.151    1    2
   1   91   98 46.00 0.709    1    2
   1   92   93 30.00 0.013    1    2
   1   93  107 30.00 0.002    1    2
   1   94  110 30.00 0.003    1    2
   1   95  103 30.00 0.004    1    2
   1   96  117 30.00 0.000    1    2
   1   97   98 30.00 0.015    1    2
   1   98   77 32.00 0.114    1    2
   1   99   84 34.00 0.161    1    2
   1  100   83 31.00 0.097    1    2
