  simno it age mass belief env state
   1    1   95 37.00 0.203    0    2
   1    2   95 48.00 0.994    0    2
   1    3  102 48.00 0.979    0    2
   1    4   85 48.00 0.999    0    2
   1    5   93 48.00 0.980    0    2
   1    6   98 47.00 0.891    0    2
   1    7   92 30.00 0.065    0    2
   1    8   92 48.00 0.981    0    2
   1    9   95 48.00 0.993    0    2
   1   10   79 48.00 1.000    0    2
   1   11   86 48.00 0.998    0    2
   1   12   98 48.00 0.966    0    2
   1   13   96 48.00 0.996    0    2
   1   14   86 48.00 1.000    0    2
   1   15   86 48.00 0.999    0    2
   1   16   86 48.00 0.999    0    2
   1   17   97 48.00 0.963    0    2
   1   18   97 48.00 0.987    0    2
   1   19   96 48.00 0.974    0    2
   1   20  103 48.00 0.949    0    2
   1   21   97 48.00 0.993    0    2
   1   22  100 47.00 0.842    0    2
   1   23   86 48.00 0.999    0    2
   1   24   96 48.00 0.956    0    2
   1   25   86 48.00 0.999    0    2
   1   26   86 48.00 0.999    0    2
   1   27   71 48.00 1.000    0    2
   1   28   95 48.00 0.977    0    2
   1   29   84 48.00 0.999    0    2
   1   30   96 48.00 0.954    0    2
   1   31   84 48.00 1.000    0    2
   1   32   98 48.00 0.988    0    2
   1   33   91 35.00 0.183    0    2
   1   34  102 47.00 0.884    0    2
   1   35   98 30.00 0.028    0    2
   1   36   94 48.00 0.980    0    2
   1   37   99 48.00 0.949    0    2
   1   38   98 47.00 0.838    0    2
   1   39  104 47.00 0.847    0    2
   1   40   92 39.00 0.266    0    2
   1   41  107 45.00 0.611    0    2
   1   42   86 48.00 0.998    0    2
   1   43  102 48.00 0.959    0    2
   1   44   92 48.00 0.997    0    2
   1   45  109 46.00 0.721    0    2
   1   46   93 48.00 0.996    0    2
   1   47  100 48.00 0.982    0    2
   1   48   89 48.00 0.997    0    2
   1   49   76 48.00 1.000    0    2
   1   50   97 47.00 0.886    0    2
   1   51   91 48.00 0.995    0    2
   1   52   86 48.00 0.999    0    2
   1   53   85 48.00 1.000    0    2
   1   54  105 46.00 0.743    0    2
   1   55  104 48.00 0.950    0    2
   1   56   76 48.00 1.000    0    2
   1   57   78 48.00 1.000    0    2
   1   58   95 48.00 0.995    0    2
   1   59   93 48.00 0.995    0    2
   1   60   92 48.00 0.986    0    2
   1   61  102 48.00 0.982    0    2
   1   62  106 48.00 0.941    0    2
   1   63   89 48.00 0.999    0    2
   1   64   86 48.00 0.999    0    2
   1   65   86 32.00 0.113    0    2
   1   66   94 48.00 0.969    0    2
   1   67  103 48.00 0.956    0    2
   1   68   91 48.00 0.996    0    2
   1   69   92 48.00 0.998    0    2
   1   70   91 48.00 0.987    0    2
   1   71  105 30.00 0.008    0    2
   1   72  103 48.00 0.985    0    2
   1   73  103 48.00 0.992    0    2
   1   74   91 30.00 0.057    0    2
   1   75   91 48.00 0.995    0    2
   1   76   84 48.00 1.000    0    2
   1   77  102 46.00 0.732    0    2
   1   78   99 47.00 0.851    0    2
   1   79   90 48.00 1.000    0    2
   1   80   93 48.00 0.995    0    2
   1   81   92 48.00 0.999    0    2
   1   82  105 48.00 0.974    0    2
   1   83   84 30.00 0.071    0    2
   1   84  108 48.00 0.987    0    2
   1   85   95 37.00 0.203    0    2
   1   86   74 48.00 1.000    0    2
   1   87   86 48.00 0.999    0    2
   1   88  105 48.00 0.975    0    2
   1   89   99 48.00 0.968    0    2
   1   90   84 34.00 0.164    0    2
   1   91   89 48.00 0.998    0    2
   1   92   89 48.00 0.994    0    2
   1   93  105 48.00 0.978    0    2
   1   94  107 45.00 0.605    0    2
   1   95   90 34.00 0.163    0    2
   1   96   90 48.00 0.994    0    2
   1   97  100 48.00 0.993    0    2
   1   98   99 48.00 0.948    0    2
   1   99   84 48.00 1.000    0    2
   1  100   98 48.00 0.959    0    2
   1    1  101 30.00 0.012    1    2
   1    2  114 30.00 0.001    1    2
   1    3  105 30.00 0.011    1    2
   1    4  111 30.00 0.003    1    2
   1    5   88 36.00 0.184    1    2
   1    6  108 30.00 0.004    1    2
   1    7  132 30.00 0.000    1    2
   1    8  140 30.00 0.000    1    2
   1    9   86 36.00 0.179    1    2
   1   10  126 30.00 0.000    1    2
   1   11  122 30.00 0.000    1    2
   1   12  128 30.00 0.000    1    2
   1   13  114 30.00 0.001    1    2
   1   14  109 30.00 0.003    1    2
   1   15  101 30.00 0.006    1    2
   1   16  109 30.00 0.001    1    2
   1   17   81 32.00 0.118    1    2
   1   18   83 31.00 0.093    1    2
   1   19  101 30.00 0.010    1    2
   1   20   98 30.00 0.029    1    2
   1   21  134 30.00 0.000    1    2
   1   22   81 36.00 0.205    1    2
   1   23   99 30.00 0.013    1    2
   1   24   98 30.00 0.033    1    2
   1   25   97 30.00 0.020    1    2
   1   26  110 30.00 0.001    1    2
   1   27   79 31.00 0.101    1    2
   1   28  122 30.00 0.000    1    2
   1   29  110 30.00 0.001    1    2
   1   30  100 30.00 0.017    1    2
   1   31  117 30.00 0.000    1    2
   1   32  127 30.00 0.000    1    2
   1   33   91 30.00 0.029    1    2
   1   34  102 30.00 0.012    1    2
   1   35   94 30.00 0.053    1    2
   1   36  114 30.00 0.001    1    2
   1   37  126 30.00 0.000    1    2
   1   38   95 37.00 0.197    1    2
   1   39  135 30.00 0.000    1    2
   1   40   94 30.00 0.029    1    2
   1   41  107 44.00 0.524    1    2
   1   42  103 30.00 0.013    1    2
   1   43   89 30.00 0.070    1    2
   1   44  125 30.00 0.000    1    2
   1   45  116 30.00 0.001    1    2
   1   46  161 30.00 0.000    1    2
   1   47  132 30.00 0.000    1    2
   1   48  129 30.00 0.000    1    2
   1   49  126 30.00 0.000    1    2
   1   50  115 30.00 0.001    1    2
   1   51  117 30.00 0.001    1    2
   1   52  123 30.00 0.000    1    2
   1   53   95 30.00 0.026    1    2
   1   54   98 30.00 0.029    1    2
   1   55  109 30.00 0.004    1    2
   1   56   95 30.00 0.022    1    2
   1   57  115 30.00 0.001    1    2
   1   58  124 30.00 0.000    1    2
   1   59   92 30.00 0.058    1    2
   1   60  120 30.00 0.000    1    2
   1   61  114 30.00 0.001    1    2
   1   62  109 44.00 0.536    1    2
   1   63  141 30.00 0.000    1    2
   1   64   83 30.00 0.073    1    2
   1   65  108 30.00 0.003    1    2
   1   66  108 30.00 0.006    1    2
   1   67  105 30.00 0.002    1    2
   1   68  112 30.00 0.002    1    2
   1   69  101 42.00 0.369    1    2
   1   70  123 30.00 0.000    1    2
   1   71  103 30.00 0.012    1    2
   1   72   91 31.00 0.099    1    2
   1   73   80 32.00 0.113    1    2
   1   74   96 30.00 0.060    1    2
   1   75  102 39.00 0.248    1    2
   1   76  122 30.00 0.000    1    2
   1   77  117 30.00 0.001    1    2
   1   78  153 30.00 0.000    1    2
   1   79   99 30.00 0.012    1    2
   1   80  122 30.00 0.000    1    2
   1   81  104 48.00 0.937    1    2
   1   82  159 30.00 0.000    1    2
   1   83  125 30.00 0.000    1    2
   1   84   94 40.00 0.280    1    2
   1   85   91 38.00 0.226    1    2
   1   86   83 30.00 0.049    1    2
   1   87  113 30.00 0.001    1    2
   1   88  121 30.00 0.000    1    2
   1   89  129 30.00 0.000    1    2
   1   90  104 30.00 0.008    1    2
   1   91  100 30.00 0.022    1    2
   1   92  122 30.00 0.000    1    2
   1   93  108 30.00 0.004    1    2
   1   94  114 30.00 0.002    1    2
   1   95  126 30.00 0.000    1    2
   1   96  114 30.00 0.001    1    2
   1   97  105 30.00 0.003    1    2
   1   98  126 30.00 0.000    1    2
   1   99  127 30.00 0.000    1    2
   1  100  114 30.00 0.002    1    2
