  simno it age mass belief env state
   1    1   93 44.00 0.507    0    2
   1    2   91 48.00 0.982    0    2
   1    3   78 32.00 0.126    0    2
   1    4   84 48.00 0.998    0    2
   1    5   87 48.00 0.995    0    2
   1    6   94 43.00 0.451    0    2
   1    7   90 30.00 0.020    0    2
   1    8   92 48.00 0.964    0    2
   1    9   93 48.00 0.964    0    2
   1   10   90 48.00 0.989    0    2
   1   11   94 45.00 0.630    0    2
   1   12   93 48.00 0.944    0    2
   1   13   84 48.00 0.998    0    2
   1   14   78 34.00 0.163    0    2
   1   15   93 47.00 0.887    0    2
   1   16   76 48.00 1.000    0    2
   1   17   95 48.00 0.955    0    2
   1   18   82 30.00 0.067    0    2
   1   19   93 48.00 0.970    0    2
   1   20   90 48.00 0.987    0    2
   1   21  106 45.00 0.626    0    2
   1   22   75 48.00 1.000    0    2
   1   23   83 48.00 0.999    0    2
   1   24   90 48.00 0.987    0    2
   1   25   94 48.00 0.940    0    2
   1   26   92 30.00 0.004    0    2
   1   27   90 48.00 0.985    0    2
   1   28   90 48.00 0.988    0    2
   1   29   92 43.00 0.429    0    2
   1   30   77 48.00 1.000    0    2
   1   31   84 37.00 0.202    0    2
   1   32   85 48.00 0.998    0    2
   1   33   79 48.00 1.000    0    2
   1   34   91 48.00 0.973    0    2
   1   35   94 48.00 0.965    0    2
   1   36   86 30.00 0.035    0    2
   1   37   77 31.00 0.102    0    2
   1   38   93 48.00 0.947    0    2
   1   39   90 48.00 0.981    0    2
   1   40   93 47.00 0.876    0    2
   1   41   90 48.00 0.986    0    2
   1   42   89 42.00 0.410    0    2
   1   43   74 30.00 0.074    0    2
   1   44   87 48.00 0.994    0    2
   1   45   84 48.00 0.998    0    2
   1   46   85 39.00 0.280    0    2
   1   47   95 47.00 0.848    0    2
   1   48   92 48.00 0.963    0    2
   1   49   82 48.00 0.999    0    2
   1   50   86 48.00 0.997    0    2
   1   51   87 48.00 0.994    0    2
   1   52   93 48.00 0.956    0    2
   1   53   82 48.00 0.999    0    2
   1   54  101 48.00 0.941    0    2
   1   55   94 47.00 0.843    0    2
   1   56   92 48.00 0.965    0    2
   1   57   74 33.00 0.134    0    2
   1   58   93 47.00 0.900    0    2
   1   59   88 48.00 0.993    0    2
   1   60   87 48.00 0.995    0    2
   1   61   91 48.00 0.980    0    2
   1   62   82 48.00 0.999    0    2
   1   63   82 48.00 0.999    0    2
   1   64   89 48.00 0.990    0    2
   1   65   88 48.00 0.991    0    2
   1   66   92 48.00 0.972    0    2
   1   67   86 48.00 0.997    0    2
   1   68   88 48.00 0.992    0    2
   1   69   81 31.00 0.094    0    2
   1   70   94 46.00 0.717    0    2
   1   71   92 48.00 0.970    0    2
   1   72   88 48.00 0.994    0    2
   1   73   85 48.00 0.998    0    2
   1   74   90 48.00 0.982    0    2
   1   75   95 47.00 0.869    0    2
   1   76   92 48.00 0.974    0    2
   1   77   89 48.00 0.990    0    2
   1   78   88 48.00 0.992    0    2
   1   79   85 48.00 0.998    0    2
   1   80   88 48.00 0.993    0    2
   1   81   88 48.00 0.994    0    2
   1   82  109 48.00 0.958    0    2
   1   83   88 48.00 0.993    0    2
   1   84  100 38.00 0.238    0    2
   1   85   82 30.00 0.030    0    2
   1   86   94 47.00 0.872    0    2
   1   87   94 39.00 0.256    0    2
   1   88   94 47.00 0.848    0    2
   1   89   97 46.00 0.755    0    2
   1   90   87 48.00 0.996    0    2
   1   91   89 48.00 0.988    0    2
   1   92   90 48.00 0.984    0    2
   1   93   94 46.00 0.721    0    2
   1   94   89 48.00 0.990    0    2
   1   95   89 48.00 0.994    0    2
   1   96   85 48.00 0.998    0    2
   1   97   92 48.00 0.973    0    2
   1   98   83 48.00 0.999    0    2
   1   99   94 45.00 0.607    0    2
   1  100   85 48.00 0.997    0    2
   1    1  136 30.00 0.000    1    2
   1    2   97 30.00 0.004    1    2
   1    3   83 30.00 0.057    1    2
   1    4   72 32.00 0.120    1    2
   1    5   94 46.00 0.715    1    2
   1    6  116 30.00 0.001    1    2
   1    7  118 30.00 0.000    1    2
   1    8  101 30.00 0.005    1    2
   1    9  122 30.00 0.000    1    2
   1   10  141 30.00 0.000    1    2
   1   11  119 30.00 0.000    1    2
   1   12  132 30.00 0.000    1    2
   1   13  100 30.00 0.022    1    2
   1   14  130 30.00 0.000    1    2
   1   15  126 30.00 0.000    1    2
   1   16  127 30.00 0.000    1    2
   1   17   80 31.00 0.101    1    2
   1   18  129 30.00 0.000    1    2
   1   19   99 30.00 0.008    1    2
   1   20   88 30.00 0.030    1    2
   1   21   85 30.00 0.039    1    2
   1   22   75 31.00 0.102    1    2
   1   23  112 30.00 0.001    1    2
   1   24  117 30.00 0.001    1    2
   1   25   94 30.00 0.004    1    2
   1   26   92 30.00 0.071    1    2
   1   27   92 30.00 0.016    1    2
   1   28   76 30.00 0.076    1    2
   1   29  112 30.00 0.000    1    2
   1   30  119 30.00 0.000    1    2
   1   31   81 30.00 0.057    1    2
   1   32  123 30.00 0.000    1    2
   1   33   75 30.00 0.073    1    2
   1   34  104 30.00 0.002    1    2
   1   35   79 31.00 0.096    1    2
   1   36  103 30.00 0.009    1    2
   1   37  125 30.00 0.000    1    2
   1   38  126 30.00 0.000    1    2
   1   39   96 41.00 0.317    1    2
   1   40   84 30.00 0.034    1    2
   1   41  106 30.00 0.002    1    2
   1   42  102 30.00 0.010    1    2
   1   43  113 30.00 0.000    1    2
   1   44   88 30.00 0.024    1    2
   1   45  120 30.00 0.000    1    2
   1   46  103 30.00 0.010    1    2
   1   47   80 36.00 0.180    1    2
   1   48   97 30.00 0.020    1    2
   1   49   80 30.00 0.058    1    2
   1   50  126 30.00 0.000    1    2
   1   51  113 30.00 0.001    1    2
   1   52  158 30.00 0.000    1    2
   1   53  113 30.00 0.001    1    2
   1   54   73 32.00 0.119    1    2
   1   55  104 30.00 0.006    1    2
   1   56  120 30.00 0.000    1    2
   1   57   91 30.00 0.027    1    2
   1   58  105 30.00 0.007    1    2
   1   59  124 30.00 0.000    1    2
   1   60  114 30.00 0.000    1    2
   1   61   86 30.00 0.017    1    2
   1   62   78 33.00 0.148    1    2
   1   63  107 30.00 0.001    1    2
   1   64  114 30.00 0.000    1    2
   1   65   83 31.00 0.092    1    2
   1   66  131 30.00 0.000    1    2
   1   67  103 30.00 0.004    1    2
   1   68  116 30.00 0.001    1    2
   1   69  106 30.00 0.003    1    2
   1   70   83 37.00 0.223    1    2
   1   71  138 30.00 0.000    1    2
   1   72   98 30.00 0.013    1    2
   1   73   82 33.00 0.135    1    2
   1   74  100 30.00 0.009    1    2
   1   75  102 30.00 0.002    1    2
   1   76  119 30.00 0.000    1    2
   1   77   78 30.00 0.072    1    2
   1   78   98 30.00 0.007    1    2
   1   79   96 30.00 0.010    1    2
   1   80  120 30.00 0.000    1    2
   1   81   72 30.00 0.072    1    2
   1   82   86 30.00 0.021    1    2
   1   83   96 30.00 0.027    1    2
   1   84   79 30.00 0.067    1    2
   1   85   80 31.00 0.100    1    2
   1   86  117 30.00 0.000    1    2
   1   87  104 30.00 0.004    1    2
   1   88   95 30.00 0.017    1    2
   1   89  134 30.00 0.000    1    2
   1   90  115 30.00 0.001    1    2
   1   91   88 30.00 0.011    1    2
   1   92  130 30.00 0.000    1    2
   1   93  105 30.00 0.001    1    2
   1   94   80 30.00 0.050    1    2
   1   95   75 30.00 0.065    1    2
   1   96  115 30.00 0.001    1    2
   1   97  110 30.00 0.001    1    2
   1   98  122 30.00 0.000    1    2
   1   99  121 30.00 0.000    1    2
   1  100  101 30.00 0.006    1    2
