  simno it age mass belief env state
   1    1   71 32.00 0.012    0    2
   1    2   97 46.00 0.963    0    2
   1    3   94 45.00 0.853    0    2
   1    4   76 37.00 0.158    0    2
   1    5   70 32.00 0.020    0    2
   1    6   89 46.00 0.988    0    2
   1    7   79 40.00 0.265    0    2
   1    8   90 45.00 0.780    0    2
   1    9   93 45.00 0.866    0    2
   1   10   74 38.00 0.191    0    2
   1   11   81 46.00 1.000    0    2
   1   12   87 39.00 0.224    0    2
   1   13   80 46.00 1.000    0    2
   1   14   88 42.00 0.404    0    2
   1   15   95 46.00 0.916    0    2
   1   16   68 34.00 0.094    0    2
   1   17   92 46.00 0.990    0    2
   1   18   72 32.00 0.023    0    2
   1   19   90 46.00 0.994    0    2
   1   20   88 46.00 0.982    0    2
   1   21   67 33.00 0.066    0    2
   1   22   83 46.00 0.998    0    2
   1   23   90 45.00 0.841    0    2
   1   24   78 46.00 0.999    0    2
   1   25   84 46.00 0.999    0    2
   1   26   83 46.00 0.996    0    2
   1   27   85 46.00 0.993    0    2
   1   28   85 45.00 0.861    0    2
   1   29   81 46.00 0.998    0    2
   1   30   82 46.00 0.985    0    2
   1   31   90 43.00 0.474    0    2
   1   32   87 45.00 0.859    0    2
   1   33   89 46.00 0.925    0    2
   1   34   92 46.00 0.916    0    2
   1   35   88 44.00 0.613    0    2
   1   36   91 45.00 0.762    0    2
   1   37   82 38.00 0.207    0    2
   1   38   91 46.00 0.990    0    2
   1   39   67 33.00 0.077    0    2
   1   40   71 36.00 0.153    0    2
   1   41   86 45.00 0.753    0    2
   1   42   75 46.00 1.000    0    2
   1   43   86 46.00 0.998    0    2
   1   44   77 46.00 1.000    0    2
   1   45   90 46.00 0.994    0    2
   1   46   97 46.00 0.978    0    2
   1   47   93 46.00 0.967    0    2
   1   48   94 46.00 0.991    0    2
   1   49   79 39.00 0.255    0    2
   1   50   88 46.00 0.986    0    2
   1   51   87 45.00 0.862    0    2
   1   52   94 45.00 0.826    0    2
   1   53  101 46.00 0.947    0    2
   1   54   97 46.00 0.988    0    2
   1   55   89 43.00 0.510    0    2
   1   56   93 44.00 0.631    0    2
   1   57   96 42.00 0.387    0    2
   1   58   68 32.00 0.035    0    2
   1   59   68 34.00 0.116    0    2
   1   60   93 46.00 0.995    0    2
   1   61  105 43.00 0.515    0    2
   1   62   86 41.00 0.317    0    2
   1   63   91 46.00 0.986    0    2
   1   64   96 46.00 0.986    0    2
   1   65   76 46.00 1.000    0    2
   1   66   67 33.00 0.083    0    2
   1   67   92 45.00 0.785    0    2
   1   68   96 46.00 0.973    0    2
   1   69  100 45.00 0.853    0    2
   1   70   76 37.00 0.175    0    2
   1   71   92 45.00 0.855    0    2
   1   72   85 46.00 0.932    0    2
   1   73   95 46.00 0.924    0    2
   1   74   98 45.00 0.869    0    2
   1   75   94 46.00 0.981    0    2
   1   76   73 32.00 0.005    0    2
   1   77   90 46.00 0.991    0    2
   1   78   89 46.00 0.995    0    2
   1   79   89 46.00 0.922    0    2
   1   80   80 46.00 0.999    0    2
   1   81   98 46.00 0.977    0    2
   1   82   88 46.00 0.996    0    2
   1   83   88 46.00 0.968    0    2
   1   84   89 45.00 0.871    0    2
   1   85   85 46.00 0.997    0    2
   1   86   91 46.00 0.972    0    2
   1   87   70 34.00 0.100    0    2
   1   88   71 33.00 0.077    0    2
   1   89   71 33.00 0.075    0    2
   1   90   90 46.00 0.970    0    2
   1   91   86 46.00 0.996    0    2
   1   92   89 46.00 0.960    0    2
   1   93   85 46.00 0.997    0    2
   1   94   99 45.00 0.783    0    2
   1   95   98 46.00 0.952    0    2
   1   96   93 46.00 0.986    0    2
   1   97   96 46.00 0.973    0    2
   1   98   92 46.00 0.975    0    2
   1   99   89 46.00 0.961    0    2
   1  100   98 46.00 0.959    0    2
   1    1  104 32.00 0.000    1    2
   1    2   71 32.00 0.007    1    2
   1    3   91 32.00 0.000    1    2
   1    4   85 32.00 0.000    1    2
   1    5   87 32.00 0.000    1    2
   1    6   83 32.00 0.000    1    2
   1    7   85 32.00 0.000    1    2
   1    8   93 32.00 0.000    1    2
   1    9   72 32.00 0.005    1    2
   1   10   90 32.00 0.000    1    2
   1   11   79 32.00 0.000    1    2
   1   12   92 32.00 0.000    1    2
   1   13   70 32.00 0.022    1    2
   1   14   89 32.00 0.000    1    2
   1   15   75 32.00 0.001    1    2
   1   16   88 32.00 0.000    1    2
   1   17   74 32.00 0.008    1    2
   1   18   68 33.00 0.072    1    2
   1   19   74 32.00 0.002    1    2
   1   20   78 34.00 0.112    1    2
   1   21   72 32.00 0.006    1    2
   1   22   94 45.00 0.754    1    2
   1   23   83 32.00 0.000    1    2
   1   24   76 32.00 0.001    1    2
   1   25   71 32.00 0.010    1    2
   1   26   79 32.00 0.000    1    2
   1   27   73 32.00 0.006    1    2
   1   28  107 32.00 0.000    1    2
   1   29   82 32.00 0.000    1    2
   1   30   67 32.00 0.034    1    2
   1   31   74 32.00 0.003    1    2
   1   32   74 32.00 0.007    1    2
   1   33   89 32.00 0.000    1    2
   1   34   82 32.00 0.000    1    2
   1   35   75 32.00 0.002    1    2
   1   36   73 32.00 0.005    1    2
   1   37   72 32.00 0.005    1    2
   1   38   79 32.00 0.000    1    2
   1   39   78 32.00 0.000    1    2
   1   40   74 32.00 0.002    1    2
   1   41   97 32.00 0.000    1    2
   1   42   77 32.00 0.001    1    2
   1   43   71 32.00 0.008    1    2
   1   44   75 32.00 0.002    1    2
   1   45   85 32.00 0.000    1    2
   1   46   74 32.00 0.002    1    2
   1   47   83 32.00 0.000    1    2
   1   48   75 32.00 0.002    1    2
   1   49   77 32.00 0.001    1    2
   1   50   79 32.00 0.000    1    2
   1   51   81 32.00 0.000    1    2
   1   52   96 32.00 0.000    1    2
   1   53   71 32.00 0.011    1    2
   1   54   94 32.00 0.000    1    2
   1   55   81 32.00 0.000    1    2
   1   56   70 34.00 0.112    1    2
   1   57  115 32.00 0.000    1    2
   1   58   76 32.00 0.001    1    2
   1   59   70 32.00 0.011    1    2
   1   60   84 32.00 0.000    1    2
   1   61   92 32.00 0.000    1    2
   1   62   77 32.00 0.001    1    2
   1   63   82 32.00 0.000    1    2
   1   64   81 32.00 0.000    1    2
   1   65   78 32.00 0.001    1    2
   1   66   96 32.00 0.000    1    2
   1   67   84 32.00 0.000    1    2
   1   68   68 32.00 0.034    1    2
   1   69   87 32.00 0.000    1    2
   1   70   74 32.00 0.003    1    2
   1   71   70 32.00 0.023    1    2
   1   72   78 32.00 0.000    1    2
   1   73   82 32.00 0.000    1    2
   1   74   92 32.00 0.000    1    2
   1   75   75 32.00 0.001    1    2
   1   76   81 32.00 0.000    1    2
   1   77   71 33.00 0.082    1    2
   1   78   82 32.00 0.000    1    2
   1   79   80 32.00 0.000    1    2
   1   80   67 32.00 0.038    1    2
   1   81   85 32.00 0.000    1    2
   1   82   93 32.00 0.000    1    2
   1   83   83 32.00 0.000    1    2
   1   84   83 32.00 0.000    1    2
   1   85   93 32.00 0.000    1    2
   1   86   71 32.00 0.007    1    2
   1   87   98 32.00 0.000    1    2
   1   88   89 32.00 0.000    1    2
   1   89   77 32.00 0.001    1    2
   1   90   70 32.00 0.022    1    2
   1   91   80 32.00 0.000    1    2
   1   92   84 32.00 0.000    1    2
   1   93   74 32.00 0.002    1    2
   1   94   89 32.00 0.000    1    2
   1   95   96 32.00 0.000    1    2
   1   96   80 32.00 0.000    1    2
   1   97   84 32.00 0.000    1    2
   1   98   95 32.00 0.000    1    2
   1   99   77 32.00 0.001    1    2
   1  100   75 32.00 0.002    1    2
