  simno it age mass belief env state
   1    1   84 48.00 1.000    0    2
   1    2   80 48.00 1.000    0    2
   1    3   90 48.00 0.995    0    2
   1    4   92 48.00 0.987    0    2
   1    5   78 48.00 1.000    0    2
   1    6   84 48.00 0.999    0    2
   1    7   75 48.00 1.000    0    2
   1    8   81 48.00 1.000    0    2
   1    9   70 48.00 1.000    0    2
   1   10   84 48.00 1.000    0    2
   1   11   69 48.00 1.000    0    2
   1   12   80 48.00 1.000    0    2
   1   13   78 48.00 1.000    0    2
   1   14   87 48.00 0.998    0    2
   1   15   75 48.00 1.000    0    2
   1   16   85 48.00 0.999    0    2
   1   17   80 48.00 1.000    0    2
   1   18   75 48.00 1.000    0    2
   1   19   82 48.00 1.000    0    2
   1   20   80 48.00 1.000    0    2
   1   21   84 48.00 1.000    0    2
   1   22   93 48.00 0.982    0    2
   1   23   74 48.00 1.000    0    2
   1   24   88 48.00 0.998    0    2
   1   25   78 48.00 1.000    0    2
   1   26   73 48.00 1.000    0    2
   1   27   84 48.00 1.000    0    2
   1   28   70 48.00 1.000    0    2
   1   29   87 48.00 0.998    0    2
   1   30   81 48.00 1.000    0    2
   1   31   82 48.00 1.000    0    2
   1   32   82 48.00 1.000    0    2
   1   33   91 48.00 0.993    0    2
   1   34   71 48.00 1.000    0    2
   1   35   87 48.00 0.998    0    2
   1   36   79 48.00 1.000    0    2
   1   37   80 48.00 1.000    0    2
   1   38   81 48.00 1.000    0    2
   1   39   88 48.00 0.997    0    2
   1   40   82 48.00 1.000    0    2
   1   41   75 48.00 1.000    0    2
   1   42   79 48.00 1.000    0    2
   1   43   95 48.00 0.957    0    2
   1   44   82 48.00 1.000    0    2
   1   45   82 48.00 1.000    0    2
   1   46   80 48.00 1.000    0    2
   1   47   81 48.00 1.000    0    2
   1   48   78 48.00 1.000    0    2
   1   49   75 48.00 1.000    0    2
   1   50   78 48.00 1.000    0    2
   1   51   81 48.00 1.000    0    2
   1   52   78 48.00 1.000    0    2
   1   53   80 48.00 1.000    0    2
   1   54   91 48.00 0.992    0    2
   1   55   79 48.00 1.000    0    2
   1   56   76 48.00 1.000    0    2
   1   57   84 48.00 0.999    0    2
   1   58   84 48.00 1.000    0    2
   1   59   92 48.00 0.986    0    2
   1   60   89 48.00 0.997    0    2
   1   61   60 48.00 1.000    0    2
   1   62   81 48.00 1.000    0    2
   1   63   97 47.00 0.838    0    2
   1   64   75 48.00 1.000    0    2
   1   65   95 48.00 0.943    0    2
   1   66   81 48.00 1.000    0    2
   1   67   77 48.00 1.000    0    2
   1   68   82 48.00 1.000    0    2
   1   69   71 48.00 1.000    0    2
   1   70   79 48.00 1.000    0    2
   1   71   69 48.00 1.000    0    2
   1   72   82 48.00 1.000    0    2
   1   73   81 48.00 1.000    0    2
   1   74   88 48.00 0.998    0    2
   1   75   68 48.00 1.000    0    2
   1   76   73 48.00 1.000    0    2
   1   77   71 48.00 1.000    0    2
   1   78   92 48.00 0.989    0    2
   1   79   97 47.00 0.823    0    2
   1   80   81 48.00 1.000    0    2
   1   81   88 48.00 0.998    0    2
   1   82   86 48.00 0.999    0    2
   1   83   63 48.00 1.000    0    2
   1   84   90 48.00 0.994    0    2
   1   85   72 48.00 1.000    0    2
   1   86   73 48.00 1.000    0    2
   1   87   75 48.00 1.000    0    2
   1   88   78 48.00 1.000    0    2
   1   89   81 48.00 1.000    0    2
   1   90   84 48.00 0.999    0    2
   1   91   72 48.00 1.000    0    2
   1   92   79 48.00 1.000    0    2
   1   93   89 48.00 0.995    0    2
   1   94   88 48.00 0.997    0    2
   1   95   80 48.00 1.000    0    2
   1   96   89 48.00 0.996    0    2
   1   97   89 48.00 0.996    0    2
   1   98   83 48.00 1.000    0    2
   1   99   83 48.00 1.000    0    2
   1  100   84 48.00 1.000    0    2
   1    1   92 32.00 0.000    1    2
   1    2   87 39.00 0.204    1    2
   1    3   89 32.00 0.001    1    2
   1    4   87 32.00 0.001    1    2
   1    5   83 36.00 0.107    1    2
   1    6   81 32.00 0.011    1    2
   1    7   98 46.00 0.607    1    2
   1    8   84 37.00 0.151    1    2
   1    9   83 36.00 0.111    1    2
   1   10   94 32.00 0.000    1    2
   1   11   78 32.00 0.032    1    2
   1   12   85 32.00 0.002    1    2
   1   13   95 44.00 0.364    1    2
   1   14   84 32.00 0.004    1    2
   1   15   94 32.00 0.000    1    2
   1   16   79 32.00 0.025    1    2
   1   17   91 32.00 0.000    1    2
   1   18   96 32.00 0.000    1    2
   1   19   89 32.00 0.001    1    2
   1   20   80 34.00 0.091    1    2
   1   21   78 33.00 0.072    1    2
   1   22   86 32.00 0.002    1    2
   1   23   92 42.00 0.306    1    2
   1   24   79 32.00 0.024    1    2
   1   25   97 45.00 0.488    1    2
   1   26   79 33.00 0.053    1    2
   1   27   91 32.00 0.000    1    2
   1   28   87 32.00 0.001    1    2
   1   29   83 32.00 0.006    1    2
   1   30   95 32.00 0.000    1    2
   1   31   78 33.00 0.070    1    2
   1   32   84 32.00 0.003    1    2
   1   33  102 32.00 0.000    1    2
   1   34   89 40.00 0.203    1    2
   1   35  100 32.00 0.000    1    2
   1   36   83 32.00 0.005    1    2
   1   37   79 33.00 0.051    1    2
   1   38  102 32.00 0.000    1    2
   1   39   87 32.00 0.001    1    2
   1   40   81 35.00 0.112    1    2
   1   41   97 47.00 0.794    1    2
   1   42   91 41.00 0.220    1    2
   1   43   82 35.00 0.088    1    2
   1   44   79 32.00 0.025    1    2
   1   45   79 32.00 0.024    1    2
   1   46   79 33.00 0.052    1    2
   1   47   79 32.00 0.023    1    2
   1   48   81 32.00 0.010    1    2
   1   49   87 32.00 0.001    1    2
   1   50   93 32.00 0.000    1    2
   1   51   82 32.00 0.008    1    2
   1   52   88 39.00 0.153    1    2
   1   53   79 33.00 0.051    1    2
   1   54   80 34.00 0.073    1    2
   1   55   79 32.00 0.022    1    2
   1   56   94 43.00 0.370    1    2
   1   57   80 34.00 0.070    1    2
   1   58   94 32.00 0.000    1    2
   1   59  101 32.00 0.000    1    2
   1   60   82 32.00 0.008    1    2
   1   61   81 32.00 0.011    1    2
   1   62   94 43.00 0.293    1    2
   1   63   81 35.00 0.101    1    2
   1   64   82 32.00 0.008    1    2
   1   65   99 32.00 0.000    1    2
   1   66   94 43.00 0.320    1    2
   1   67   80 34.00 0.070    1    2
   1   68   92 32.00 0.000    1    2
   1   69   91 41.00 0.224    1    2
   1   70   89 32.00 0.001    1    2
   1   71   80 34.00 0.072    1    2
   1   72   90 32.00 0.000    1    2
   1   73   79 32.00 0.024    1    2
   1   74   96 32.00 0.000    1    2
   1   75   98 32.00 0.000    1    2
   1   76   93 42.00 0.274    1    2
   1   77   84 37.00 0.143    1    2
   1   78   79 32.00 0.024    1    2
   1   79   88 32.00 0.001    1    2
   1   80   83 32.00 0.006    1    2
   1   81   85 32.00 0.002    1    2
   1   82   79 33.00 0.055    1    2
   1   83   79 32.00 0.023    1    2
   1   84   88 39.00 0.156    1    2
   1   85   89 32.00 0.001    1    2
   1   86   86 32.00 0.002    1    2
   1   87   96 47.00 0.852    1    2
   1   88   89 40.00 0.220    1    2
   1   89   81 32.00 0.010    1    2
   1   90   89 32.00 0.000    1    2
   1   91   79 33.00 0.051    1    2
   1   92   79 32.00 0.025    1    2
   1   93   84 32.00 0.003    1    2
   1   94   78 32.00 0.033    1    2
   1   95   84 37.00 0.143    1    2
   1   96   96 48.00 0.943    1    2
   1   97   95 44.00 0.443    1    2
   1   98   79 32.00 0.023    1    2
   1   99   78 33.00 0.072    1    2
   1  100   99 32.00 0.000    1    2
