  simno it age mass belief env state
   1    1   76 35.00 0.081    0    2
   1    2   86 48.00 0.985    0    2
   1    3   77 36.00 0.117    0    2
   1    4   73 33.00 0.060    0    2
   1    5   74 48.00 1.000    0    2
   1    6   79 37.00 0.118    0    2
   1    7   88 48.00 0.964    0    2
   1    8   85 48.00 0.990    0    2
   1    9   78 48.00 0.999    0    2
   1   10   91 46.00 0.612    0    2
   1   11   79 48.00 0.999    0    2
   1   12   89 48.00 0.951    0    2
   1   13   89 48.00 0.946    0    2
   1   14   74 34.00 0.086    0    2
   1   15   81 48.00 0.998    0    2
   1   16   82 48.00 0.997    0    2
   1   17   91 47.00 0.778    0    2
   1   18   86 48.00 0.984    0    2
   1   19   90 48.00 0.926    0    2
   1   20   90 45.00 0.501    0    2
   1   21   91 48.00 0.907    0    2
   1   22   90 45.00 0.543    0    2
   1   23   89 48.00 0.951    0    2
   1   24   86 48.00 0.983    0    2
   1   25   91 47.00 0.774    0    2
   1   26   85 48.00 0.989    0    2
   1   27   89 48.00 0.947    0    2
   1   28   90 48.00 0.922    0    2
   1   29   73 33.00 0.062    0    2
   1   30   90 48.00 0.920    0    2
   1   31   82 48.00 0.997    0    2
   1   32   73 33.00 0.057    0    2
   1   33   83 48.00 0.996    0    2
   1   34   84 48.00 0.994    0    2
   1   35   77 48.00 1.000    0    2
   1   36   91 46.00 0.609    0    2
   1   37   83 40.00 0.231    0    2
   1   38   87 48.00 0.982    0    2
   1   39   81 48.00 0.998    0    2
   1   40   82 48.00 0.997    0    2
   1   41   90 45.00 0.535    0    2
   1   42   89 48.00 0.945    0    2
   1   43   83 48.00 0.996    0    2
   1   44   90 47.00 0.838    0    2
   1   45   84 48.00 0.993    0    2
   1   46   82 39.00 0.190    0    2
   1   47   82 48.00 0.997    0    2
   1   48   89 48.00 0.953    0    2
   1   49   87 48.00 0.979    0    2
   1   50   84 48.00 0.993    0    2
   1   51   84 48.00 0.994    0    2
   1   52   73 32.00 0.026    0    2
   1   53   87 48.00 0.979    0    2
   1   54   76 48.00 1.000    0    2
   1   55   89 48.00 0.947    0    2
   1   56   73 33.00 0.071    0    2
   1   57   88 43.00 0.320    0    2
   1   58   77 36.00 0.121    0    2
   1   59   65 48.00 1.000    0    2
   1   60   91 47.00 0.772    0    2
   1   61   88 43.00 0.311    0    2
   1   62   78 48.00 0.999    0    2
   1   63   79 37.00 0.121    0    2
   1   64   82 48.00 0.997    0    2
   1   65   90 47.00 0.848    0    2
   1   66   90 47.00 0.838    0    2
   1   67   79 48.00 0.999    0    2
   1   68   84 48.00 0.993    0    2
   1   69   74 48.00 1.000    0    2
   1   70   83 40.00 0.233    0    2
   1   71   80 48.00 0.999    0    2
   1   72   87 48.00 0.976    0    2
   1   73   78 48.00 0.999    0    2
   1   74   76 35.00 0.086    0    2
   1   75   90 47.00 0.840    0    2
   1   76   76 32.00 0.011    0    2
   1   77   77 32.00 0.007    0    2
   1   78   83 40.00 0.234    0    2
   1   79   89 44.00 0.403    0    2
   1   80   89 48.00 0.951    0    2
   1   81   74 48.00 1.000    0    2
   1   82   79 37.00 0.125    0    2
   1   83   83 48.00 0.996    0    2
   1   84   80 48.00 0.999    0    2
   1   85   88 48.00 0.975    0    2
   1   86   79 48.00 0.999    0    2
   1   87   90 47.00 0.844    0    2
   1   88   88 48.00 0.967    0    2
   1   89   75 48.00 1.000    0    2
   1   90   87 48.00 0.978    0    2
   1   91   89 48.00 0.957    0    2
   1   92   90 48.00 0.926    0    2
   1   93   90 47.00 0.840    0    2
   1   94   77 32.00 0.006    0    2
   1   95   88 48.00 0.963    0    2
   1   96   76 48.00 1.000    0    2
   1   97   90 45.00 0.511    0    2
   1   98   86 42.00 0.316    0    2
   1   99   82 48.00 0.997    0    2
   1  100   83 48.00 0.995    0    2
   1    1   91 32.00 0.000    1    2
   1    2   77 32.00 0.007    1    2
   1    3   90 32.00 0.000    1    2
   1    4   95 32.00 0.000    1    2
   1    5   84 32.00 0.000    1    2
   1    6   91 32.00 0.000    1    2
   1    7  105 32.00 0.000    1    2
   1    8   77 36.00 0.134    1    2
   1    9   82 32.00 0.001    1    2
   1   10   74 32.00 0.019    1    2
   1   11   75 32.00 0.016    1    2
   1   12   88 32.00 0.000    1    2
   1   13   82 32.00 0.001    1    2
   1   14   87 32.00 0.000    1    2
   1   15   88 32.00 0.000    1    2
   1   16   91 32.00 0.000    1    2
   1   17   79 32.00 0.004    1    2
   1   18  100 32.00 0.000    1    2
   1   19   86 32.00 0.000    1    2
   1   20   91 32.00 0.000    1    2
   1   21   80 32.00 0.002    1    2
   1   22   85 32.00 0.000    1    2
   1   23   89 32.00 0.000    1    2
   1   24   90 32.00 0.000    1    2
   1   25   90 32.00 0.000    1    2
   1   26   73 32.00 0.026    1    2
   1   27   89 32.00 0.000    1    2
   1   28  103 32.00 0.000    1    2
   1   29   85 32.00 0.000    1    2
   1   30   91 32.00 0.000    1    2
   1   31   92 32.00 0.000    1    2
   1   32   76 32.00 0.011    1    2
   1   33   95 32.00 0.000    1    2
   1   34  108 32.00 0.000    1    2
   1   35   98 32.00 0.000    1    2
   1   36   87 32.00 0.000    1    2
   1   37  101 32.00 0.000    1    2
   1   38   93 32.00 0.000    1    2
   1   39   81 32.00 0.002    1    2
   1   40   91 32.00 0.000    1    2
   1   41   96 32.00 0.000    1    2
   1   42   83 32.00 0.001    1    2
   1   43   73 33.00 0.056    1    2
   1   44   83 32.00 0.001    1    2
   1   45   77 32.00 0.007    1    2
   1   46   78 32.00 0.004    1    2
   1   47   88 32.00 0.000    1    2
   1   48  105 32.00 0.000    1    2
   1   49   96 32.00 0.000    1    2
   1   50   82 32.00 0.001    1    2
   1   51   82 32.00 0.001    1    2
   1   52   73 32.00 0.029    1    2
   1   53   83 32.00 0.001    1    2
   1   54   84 32.00 0.000    1    2
   1   55   90 32.00 0.000    1    2
   1   56   86 32.00 0.000    1    2
   1   57   94 32.00 0.000    1    2
   1   58   76 35.00 0.083    1    2
   1   59   76 35.00 0.086    1    2
   1   60   91 32.00 0.000    1    2
   1   61  101 32.00 0.000    1    2
   1   62   83 32.00 0.001    1    2
   1   63   93 32.00 0.000    1    2
   1   64  100 32.00 0.000    1    2
   1   65   80 32.00 0.002    1    2
   1   66   92 32.00 0.000    1    2
   1   67   92 32.00 0.000    1    2
   1   68   89 32.00 0.000    1    2
   1   69   74 32.00 0.020    1    2
   1   70  113 32.00 0.000    1    2
   1   71  103 32.00 0.000    1    2
   1   72   73 32.00 0.034    1    2
   1   73  102 32.00 0.000    1    2
   1   74   82 32.00 0.001    1    2
   1   75  100 32.00 0.000    1    2
   1   76   73 33.00 0.060    1    2
   1   77   83 32.00 0.001    1    2
   1   78   97 32.00 0.000    1    2
   1   79   84 32.00 0.000    1    2
   1   80   80 32.00 0.002    1    2
   1   81   97 32.00 0.000    1    2
   1   82   93 32.00 0.000    1    2
   1   83   73 32.00 0.031    1    2
   1   84   90 47.00 0.843    1    2
   1   85   94 32.00 0.000    1    2
   1   86   81 32.00 0.001    1    2
   1   87   79 32.00 0.003    1    2
   1   88   83 32.00 0.001    1    2
   1   89   95 32.00 0.000    1    2
   1   90   82 32.00 0.001    1    2
   1   91   73 32.00 0.027    1    2
   1   92   79 32.00 0.004    1    2
   1   93   79 32.00 0.004    1    2
   1   94   97 32.00 0.000    1    2
   1   95   93 32.00 0.000    1    2
   1   96  106 32.00 0.000    1    2
   1   97   80 32.00 0.002    1    2
   1   98  102 32.00 0.000    1    2
   1   99   87 32.00 0.000    1    2
   1  100   81 32.00 0.002    1    2
