  simno it age mass belief env state
   1    1  100 46.00 0.994    0    2
   1    2   89 34.00 0.098    0    2
   1    3   94 40.00 0.284    0    2
   1    4   98 46.00 0.998    0    2
   1    5   96 46.00 0.997    0    2
   1    6   88 46.00 1.000    0    2
   1    7   90 46.00 1.000    0    2
   1    8   91 46.00 1.000    0    2
   1    9   89 46.00 1.000    0    2
   1   10  103 40.00 0.291    0    2
   1   11   98 46.00 0.993    0    2
   1   12   91 46.00 1.000    0    2
   1   13   91 46.00 1.000    0    2
   1   14  107 45.00 0.868    0    2
   1   15   89 46.00 1.000    0    2
   1   16   99 46.00 0.995    0    2
   1   17   92 46.00 1.000    0    2
   1   18   91 46.00 0.999    0    2
   1   19   95 46.00 0.998    0    2
   1   20   89 46.00 1.000    0    2
   1   21  110 46.00 0.959    0    2
   1   22  100 46.00 0.996    0    2
   1   23   91 46.00 1.000    0    2
   1   24   96 46.00 0.999    0    2
   1   25   94 46.00 0.999    0    2
   1   26  103 46.00 0.993    0    2
   1   27   97 46.00 0.999    0    2
   1   28  115 46.00 0.920    0    2
   1   29   98 46.00 0.987    0    2
   1   30   90 46.00 1.000    0    2
   1   31  108 46.00 0.973    0    2
   1   32  109 46.00 0.972    0    2
   1   33  103 46.00 0.995    0    2
   1   34   91 46.00 0.995    0    2
   1   35   99 46.00 0.998    0    2
   1   36   94 46.00 0.996    0    2
   1   37   99 46.00 0.995    0    2
   1   38  100 46.00 0.998    0    2
   1   39  100 46.00 0.998    0    2
   1   40   81 46.00 1.000    0    2
   1   41  105 46.00 0.984    0    2
   1   42   82 46.00 1.000    0    2
   1   43   92 46.00 1.000    0    2
   1   44   97 46.00 0.998    0    2
   1   45  105 46.00 0.993    0    2
   1   46   98 46.00 0.990    0    2
   1   47  107 46.00 0.948    0    2
   1   48  103 46.00 0.990    0    2
   1   49  105 46.00 0.990    0    2
   1   50  107 46.00 0.985    0    2
   1   51   98 45.00 0.857    0    2
   1   52   94 46.00 0.999    0    2
   1   53  102 46.00 0.994    0    2
   1   54  110 45.00 0.814    0    2
   1   55  113 46.00 0.933    0    2
   1   56  108 46.00 0.923    0    2
   1   57   88 46.00 1.000    0    2
   1   58  109 46.00 0.978    0    2
   1   59   90 46.00 1.000    0    2
   1   60   88 46.00 1.000    0    2
   1   61  104 46.00 0.992    0    2
   1   62   95 46.00 0.999    0    2
   1   63   90 46.00 0.999    0    2
   1   64   94 46.00 0.999    0    2
   1   65  102 46.00 0.988    0    2
   1   66  101 46.00 0.964    0    2
   1   67   80 46.00 1.000    0    2
   1   68   99 46.00 0.999    0    2
   1   69   96 46.00 0.990    0    2
   1   70  110 46.00 0.942    0    2
   1   71   99 46.00 0.988    0    2
   1   72  110 46.00 0.971    0    2
   1   73  103 46.00 0.966    0    2
   1   74  108 46.00 0.983    0    2
   1   75  103 46.00 0.996    0    2
   1   76  102 46.00 0.973    0    2
   1   77  106 46.00 0.958    0    2
   1   78  116 45.00 0.861    0    2
   1   79   97 46.00 0.996    0    2
   1   80  112 46.00 0.956    0    2
   1   81  105 46.00 0.993    0    2
   1   82   98 46.00 0.998    0    2
   1   83  105 46.00 0.991    0    2
   1   84   89 46.00 1.000    0    2
   1   85  102 46.00 0.997    0    2
   1   86  103 46.00 0.996    0    2
   1   87   97 43.00 0.524    0    2
   1   88   85 46.00 1.000    0    2
   1   89  113 45.00 0.769    0    2
   1   90   97 45.00 0.858    0    2
   1   91  111 46.00 0.980    0    2
   1   92  102 38.00 0.201    0    2
   1   93   90 46.00 0.998    0    2
   1   94   86 46.00 1.000    0    2
   1   95   92 46.00 1.000    0    2
   1   96   87 46.00 1.000    0    2
   1   97   99 46.00 0.998    0    2
   1   98  103 46.00 0.995    0    2
   1   99   99 44.00 0.620    0    2
   1  100   96 46.00 0.992    0    2
   1    1   75 32.00 0.039    1    2
   1    2   85 32.00 0.001    1    2
   1    3  114 46.00 0.922    1    2
   1    4   75 32.00 0.036    1    2
   1    5   84 32.00 0.002    1    2
   1    6   80 32.00 0.016    1    2
   1    7   84 36.00 0.154    1    2
   1    8   90 34.00 0.109    1    2
   1    9   82 32.00 0.002    1    2
   1   10   76 32.00 0.019    1    2
   1   11   91 33.00 0.079    1    2
   1   12   89 32.00 0.000    1    2
   1   13   87 35.00 0.113    1    2
   1   14   81 32.00 0.003    1    2
   1   15  106 44.00 0.654    1    2
   1   16   85 32.00 0.034    1    2
   1   17   78 34.00 0.116    1    2
   1   18   78 32.00 0.011    1    2
   1   19   82 32.00 0.002    1    2
   1   20   83 37.00 0.198    1    2
   1   21   86 32.00 0.000    1    2
   1   22   93 32.00 0.000    1    2
   1   23   88 37.00 0.188    1    2
   1   24   76 33.00 0.076    1    2
   1   25   90 32.00 0.000    1    2
   1   26   77 32.00 0.033    1    2
   1   27   99 41.00 0.327    1    2
   1   28   86 37.00 0.172    1    2
   1   29   99 46.00 0.988    1    2
   1   30  111 46.00 0.973    1    2
   1   31   79 33.00 0.081    1    2
   1   32   91 36.00 0.162    1    2
   1   33   74 33.00 0.078    1    2
   1   34   82 32.00 0.002    1    2
   1   35  108 44.00 0.651    1    2
   1   36   83 32.00 0.003    1    2
   1   37   87 32.00 0.002    1    2
   1   38   85 34.00 0.111    1    2
   1   39   96 37.00 0.158    1    2
   1   40  106 45.00 0.870    1    2
   1   41   80 34.00 0.103    1    2
   1   42   77 33.00 0.078    1    2
   1   43   90 32.00 0.000    1    2
   1   44   77 32.00 0.033    1    2
   1   45  115 44.00 0.641    1    2
   1   46  113 46.00 0.941    1    2
   1   47   86 33.00 0.078    1    2
   1   48  112 44.00 0.657    1    2
   1   49   79 33.00 0.078    1    2
   1   50   95 35.00 0.135    1    2
   1   51   79 33.00 0.071    1    2
   1   52  108 46.00 0.958    1    2
   1   53   82 35.00 0.112    1    2
   1   54   81 33.00 0.079    1    2
   1   55   78 32.00 0.010    1    2
   1   56  108 45.00 0.754    1    2
   1   57  100 41.00 0.329    1    2
   1   58  108 46.00 0.978    1    2
   1   59   82 32.00 0.031    1    2
   1   60   85 33.00 0.066    1    2
   1   61   88 32.00 0.001    1    2
   1   62   76 32.00 0.018    1    2
   1   63   92 36.00 0.156    1    2
   1   64   79 32.00 0.016    1    2
   1   65   78 32.00 0.016    1    2
   1   66   81 33.00 0.080    1    2
   1   67   91 41.00 0.334    1    2
   1   68   93 42.00 0.408    1    2
   1   69   82 32.00 0.002    1    2
   1   70   91 33.00 0.068    1    2
   1   71   89 32.00 0.003    1    2
   1   72  116 43.00 0.522    1    2
   1   73   92 36.00 0.165    1    2
   1   74   83 36.00 0.132    1    2
   1   75   80 32.00 0.038    1    2
   1   76   77 32.00 0.026    1    2
   1   77  109 44.00 0.627    1    2
   1   78   75 33.00 0.071    1    2
   1   79   82 32.00 0.006    1    2
   1   80   87 33.00 0.070    1    2
   1   81  109 41.00 0.351    1    2
   1   82  108 46.00 0.966    1    2
   1   83   92 37.00 0.158    1    2
   1   84   85 32.00 0.003    1    2
   1   85   78 32.00 0.013    1    2
   1   86   87 32.00 0.037    1    2
   1   87   80 32.00 0.003    1    2
   1   88   76 32.00 0.016    1    2
   1   89   89 40.00 0.285    1    2
   1   90   76 33.00 0.058    1    2
   1   91   81 32.00 0.005    1    2
   1   92   85 32.00 0.001    1    2
   1   93   82 33.00 0.069    1    2
   1   94   89 35.00 0.135    1    2
   1   95   86 32.00 0.000    1    2
   1   96   80 34.00 0.098    1    2
   1   97  103 41.00 0.352    1    2
   1   98  111 46.00 0.947    1    2
   1   99   99 43.00 0.518    1    2
   1  100   99 36.00 0.134    1    2
