  simno it age mass belief env state
   1    1   79 48.00 0.999    0    2
   1    2   85 48.00 0.993    0    2
   1    3   75 48.00 1.000    0    2
   1    4   78 48.00 1.000    0    2
   1    5   91 46.00 0.670    0    2
   1    6   83 48.00 0.996    0    2
   1    7   79 48.00 0.999    0    2
   1    8   78 48.00 1.000    0    2
   1    9   74 48.00 1.000    0    2
   1   10   71 48.00 1.000    0    2
   1   11   84 48.00 0.995    0    2
   1   12   75 48.00 1.000    0    2
   1   13   65 48.00 1.000    0    2
   1   14   76 48.00 1.000    0    2
   1   15   74 48.00 1.000    0    2
   1   16   67 48.00 1.000    0    2
   1   17   75 48.00 1.000    0    2
   1   18   72 48.00 1.000    0    2
   1   19   64 48.00 1.000    0    2
   1   20   68 48.00 1.000    0    2
   1   21   77 48.00 1.000    0    2
   1   22   67 48.00 1.000    0    2
   1   23   70 48.00 1.000    0    2
   1   24   77 48.00 1.000    0    2
   1   25   85 48.00 0.992    0    2
   1   26   65 48.00 1.000    0    2
   1   27   75 48.00 1.000    0    2
   1   28   77 48.00 1.000    0    2
   1   29   78 48.00 1.000    0    2
   1   30   81 48.00 0.999    0    2
   1   31   88 48.00 0.975    0    2
   1   32   75 48.00 1.000    0    2
   1   33   71 48.00 1.000    0    2
   1   34   79 48.00 0.999    0    2
   1   35   89 48.00 0.962    0    2
   1   36   73 48.00 1.000    0    2
   1   37   83 48.00 0.996    0    2
   1   38   73 48.00 1.000    0    2
   1   39   77 48.00 1.000    0    2
   1   40   85 48.00 0.993    0    2
   1   41   80 48.00 0.999    0    2
   1   42   81 48.00 0.999    0    2
   1   43   91 47.00 0.855    0    2
   1   44   66 48.00 1.000    0    2
   1   45   87 48.00 0.983    0    2
   1   46   70 48.00 1.000    0    2
   1   47   80 48.00 0.999    0    2
   1   48   84 48.00 0.995    0    2
   1   49   83 48.00 0.996    0    2
   1   50   69 48.00 1.000    0    2
   1   51   76 48.00 1.000    0    2
   1   52   76 48.00 1.000    0    2
   1   53   82 48.00 0.998    0    2
   1   54   70 48.00 1.000    0    2
   1   55   88 48.00 0.973    0    2
   1   56   87 48.00 0.983    0    2
   1   57   77 48.00 1.000    0    2
   1   58   67 48.00 1.000    0    2
   1   59   69 48.00 1.000    0    2
   1   60   80 48.00 0.999    0    2
   1   61   78 48.00 1.000    0    2
   1   62   78 48.00 1.000    0    2
   1   63   74 48.00 1.000    0    2
   1   64   73 48.00 1.000    0    2
   1   65   82 48.00 0.998    0    2
   1   66   67 48.00 1.000    0    2
   1   67   88 48.00 0.968    0    2
   1   68   76 48.00 1.000    0    2
   1   69   75 48.00 1.000    0    2
   1   70   70 48.00 1.000    0    2
   1   71   77 48.00 1.000    0    2
   1   72   80 48.00 0.999    0    2
   1   73   85 48.00 0.993    0    2
   1   74   73 48.00 1.000    0    2
   1   75   84 48.00 0.995    0    2
   1   76   74 48.00 1.000    0    2
   1   77   85 48.00 0.992    0    2
   1   78   76 48.00 1.000    0    2
   1   79   78 48.00 1.000    0    2
   1   80   77 48.00 1.000    0    2
   1   81   67 48.00 1.000    0    2
   1   82   74 48.00 1.000    0    2
   1   83   78 48.00 0.999    0    2
   1   84   66 48.00 1.000    0    2
   1   85   71 48.00 1.000    0    2
   1   86   86 48.00 0.988    0    2
   1   87   73 48.00 1.000    0    2
   1   88   77 48.00 1.000    0    2
   1   89   75 48.00 1.000    0    2
   1   90   74 48.00 1.000    0    2
   1   91   74 48.00 1.000    0    2
   1   92   74 48.00 1.000    0    2
   1   93   77 48.00 1.000    0    2
   1   94   85 48.00 0.989    0    2
   1   95   73 48.00 1.000    0    2
   1   96   67 48.00 1.000    0    2
   1   97   88 48.00 0.976    0    2
   1   98   76 48.00 1.000    0    2
   1   99   85 48.00 0.993    0    2
   1  100   74 48.00 1.000    0    2
   1    1   76 35.00 0.087    1    2
   1    2   73 32.00 0.030    1    2
   1    3   76 35.00 0.098    1    2
   1    4   76 35.00 0.100    1    2
   1    5   87 48.00 0.986    1    2
   1    6   83 48.00 0.997    1    2
   1    7   82 39.00 0.183    1    2
   1    8   88 43.00 0.331    1    2
   1    9   91 47.00 0.817    1    2
   1   10   74 32.00 0.019    1    2
   1   11   83 39.00 0.157    1    2
   1   12   80 38.00 0.177    1    2
   1   13   73 33.00 0.062    1    2
   1   14   73 33.00 0.058    1    2
   1   15   74 34.00 0.091    1    2
   1   16   83 48.00 0.997    1    2
   1   17   86 32.00 0.000    1    2
   1   18   89 48.00 0.955    1    2
   1   19   87 42.00 0.298    1    2
   1   20   74 34.00 0.089    1    2
   1   21   82 39.00 0.189    1    2
   1   22   85 41.00 0.256    1    2
   1   23   73 32.00 0.029    1    2
   1   24   89 48.00 0.966    1    2
   1   25   74 34.00 0.088    1    2
   1   26   83 39.00 0.153    1    2
   1   27   73 32.00 0.028    1    2
   1   28   73 33.00 0.062    1    2
   1   29   85 32.00 0.000    1    2
   1   30   73 33.00 0.069    1    2
   1   31   79 37.00 0.132    1    2
   1   32   79 37.00 0.129    1    2
   1   33   73 33.00 0.070    1    2
   1   34   85 41.00 0.263    1    2
   1   35   91 32.00 0.000    1    2
   1   36   77 32.00 0.006    1    2
   1   37   73 33.00 0.060    1    2
   1   38   74 34.00 0.089    1    2
   1   39   90 45.00 0.533    1    2
   1   40   81 38.00 0.131    1    2
   1   41   75 32.00 0.014    1    2
   1   42   88 43.00 0.359    1    2
   1   43   92 32.00 0.000    1    2
   1   44   75 32.00 0.013    1    2
   1   45   75 34.00 0.079    1    2
   1   46   81 32.00 0.002    1    2
   1   47   89 32.00 0.000    1    2
   1   48   74 34.00 0.089    1    2
   1   49   92 47.00 0.775    1    2
   1   50   73 33.00 0.064    1    2
   1   51   76 35.00 0.082    1    2
   1   52   76 35.00 0.098    1    2
   1   53   94 32.00 0.000    1    2
   1   54   82 32.00 0.001    1    2
   1   55   75 34.00 0.067    1    2
   1   56   78 36.00 0.096    1    2
   1   57   78 32.00 0.004    1    2
   1   58   77 36.00 0.124    1    2
   1   59   76 32.00 0.009    1    2
   1   60   91 47.00 0.814    1    2
   1   61   85 32.00 0.000    1    2
   1   62   91 47.00 0.791    1    2
   1   63   82 32.00 0.001    1    2
   1   64   83 39.00 0.149    1    2
   1   65   86 41.00 0.201    1    2
   1   66   73 33.00 0.062    1    2
   1   67   81 38.00 0.129    1    2
   1   68   73 33.00 0.060    1    2
   1   69   87 42.00 0.253    1    2
   1   70   76 35.00 0.087    1    2
   1   71   74 32.00 0.021    1    2
   1   72   87 42.00 0.280    1    2
   1   73   81 38.00 0.147    1    2
   1   74   76 35.00 0.096    1    2
   1   75   85 32.00 0.000    1    2
   1   76   76 32.00 0.009    1    2
   1   77   83 40.00 0.231    1    2
   1   78   77 36.00 0.126    1    2
   1   79   84 40.00 0.199    1    2
   1   80   84 40.00 0.220    1    2
   1   81   74 34.00 0.091    1    2
   1   82   79 37.00 0.145    1    2
   1   83   73 33.00 0.060    1    2
   1   84   73 33.00 0.060    1    2
   1   85   74 34.00 0.088    1    2
   1   86   88 43.00 0.363    1    2
   1   87   84 32.00 0.000    1    2
   1   88   91 47.00 0.820    1    2
   1   89   74 34.00 0.091    1    2
   1   90   91 45.00 0.535    1    2
   1   91   73 33.00 0.062    1    2
   1   92   91 48.00 0.930    1    2
   1   93   79 32.00 0.003    1    2
   1   94   91 45.00 0.457    1    2
   1   95   84 40.00 0.198    1    2
   1   96   81 32.00 0.002    1    2
   1   97   87 48.00 0.983    1    2
   1   98   87 42.00 0.284    1    2
   1   99   73 33.00 0.059    1    2
   1  100   87 32.00 0.000    1    2
